16:00	933.54	934.90	925.20	927.13	1,910,053
05/05/2017	933.54	934.9	925.2	927.13	1,910,317
05/04/2017	926.07	935.93	924.59	931.66	1,421,938
05/03/2017	914.86	928.1	912.5426	927.04	1,497,565
05/02/2017	909.62	920.77	909.4526	916.44	1,543,696
05/01/2017	901.94	915.68	901.45	912.57	2,114,629
04/28/2017	910.66	916.85	905.77	905.96	3,223,850
04/27/2017	873.6	875.4	870.38	874.25	2,009,509
04/26/2017	874.23	876.05	867.7481	871.73	1,233,724
04/25/2017	865	875	862.81	872.3	1,670,095
04/24/2017	851.2	863.45	849.86	862.76	1,371,722
04/21/2017	842.88	843.88	840.6	843.19	1,323,364
04/20/2017	841.44	845.2	839.32	841.65	957,994
04/19/2017	839.79	842.22	836.29	838.21	954,324
04/18/2017	834.22	838.93	832.71	836.82	835,433
04/17/2017	825.01	837.75	824.47	837.17	894,540
04/13/2017	822.14	826.38	821.44	823.56	1,118,221
04/12/2017	821.93	826.66	821.02	824.32	900,059
04/11/2017	824.71	827.4267	817.0201	823.35	1,078,951
04/10/2017	825.39	829.35	823.77	824.73	978,825
04/07/2017	827.96	828.485	820.5127	824.67	1,056,692
04/06/2017	832.4	836.39	826.46	827.88	1,254,235
04/05/2017	835.51	842.45	830.72	831.41	1,553,163
04/04/2017	831.36	835.18	829.0363	834.57	1,044,455
04/03/2017	829.22	840.85	829.22	838.55	1,670,349
03/31/2017	828.97	831.64	827.39	829.56	1,401,756
03/30/2017	833.5	833.68	829	831.5	1,055,263
03/29/2017	825	832.765	822.3801	831.41	1,785,006
03/28/2017	820.41	825.99	814.027	820.92	1,620,532
03/27/2017	806.95	821.63	803.37	819.51	1,894,735
03/24/2017	820.08	821.93	808.89	814.43	1,980,415
03/23/2017	821	822.57	812.257	817.58	3,485,390
03/22/2017	831.91	835.55	827.1801	829.59	1,399,409
03/21/2017	851.4	853.5	829.02	830.46	2,461,375
03/20/2017	850.01	850.22	845.15	848.4	1,217,560
03/17/2017	851.61	853.4	847.11	852.12	1,712,397
03/16/2017	849.03	850.85	846.13	848.78	977,384
03/15/2017	847.59	848.63	840.77	847.2	1,381,328
03/14/2017	843.64	847.24	840.8	845.62	779,920
03/13/2017	844	848.685	843.25	845.54	1,149,928
03/10/2017	843.28	844.91	839.5	843.25	1,702,731
03/09/2017	836	842	834.21	838.68	1,261,393
03/08/2017	833.51	838.15	831.79	835.37	988,900
03/07/2017	827.4	833.41	826.52	831.91	1,037,573
03/06/2017	826.95	828.88	822.4	827.78	1,108,799
03/03/2017	830.56	831.36	825.751	829.08	890,640
03/02/2017	833.85	834.51	829.64	830.63	937,824
03/01/2017	828.85	836.255	827.26	835.24	1,495,934
02/28/2017	825.61	828.54	820.2	823.21	2,258,695
02/27/2017	824.55	830.5	824	829.28	1,101,120
02/24/2017	827.73	829	824.2	828.64	1,392,039
02/23/2017	830.12	832.46	822.88	831.33	1,471,342
02/22/2017	828.66	833.25	828.64	830.76	983,058
02/21/2017	828.66	833.45	828.35	831.66	1,259,841
02/17/2017	823.02	828.07	821.655	828.07	1,602,549
02/16/2017	819.93	824.4	818.98	824.16	1,285,919
02/15/2017	819.36	823	818.47	818.98	1,311,316
02/14/2017	819	823	816	820.45	1,054,472
02/13/2017	816	820.959	815.49	819.24	1,205,835
02/10/2017	811.7	815.25	809.78	813.67	1,134,701
02/09/2017	809.51	810.66	804.54	809.56	990,260
02/08/2017	807	811.84	803.1903	808.38	1,155,892
02/07/2017	803.99	810.5	801.78	806.97	1,240,257
02/06/2017	799.7	801.67	795.2501	801.34	1,182,882
02/03/2017	802.99	806	800.37	801.49	1,461,217
02/02/2017	793.8	802.7	792	798.53	1,530,827
02/01/2017	799.68	801.19	791.19	795.695	2,027,708
01/31/2017	796.86	801.25	790.52	796.79	2,153,957
01/30/2017	814.66	815.84	799.8	802.32	3,243,568
01/27/2017	834.71	841.95	820.44	823.31	2,964,989
01/26/2017	837.81	838	827.01	832.15	2,944,642
01/25/2017	829.62	835.77	825.06	835.67	1,612,854
01/24/2017	822.3	825.9	817.821	823.87	1,472,228
01/23/2017	807.25	820.87	803.74	819.31	1,962,506
01/20/2017	806.91	806.91	801.69	805.02	1,668,638
01/19/2017	805.12	809.48	801.8	802.175	917,085
01/18/2017	805.81	806.205	800.99	806.07	1,293,893
01/17/2017	807.08	807.14	800.37	804.61	1,361,935
01/13/2017	807.48	811.2244	806.69	807.88	1,098,154
01/12/2017	807.14	807.39	799.17	806.36	1,352,872
01/11/2017	805	808.15	801.37	807.91	1,065,360
01/10/2017	807.86	809.1299	803.51	804.79	1,176,637
01/09/2017	806.4	809.9664	802.83	806.65	1,274,318
01/06/2017	795.26	807.9	792.2041	806.15	1,639,246
01/05/2017	786.08	794.48	785.02	794.02	1,334,028
01/04/2017	788.36	791.34	783.16	786.9	1,071,198
01/03/2017	778.81	789.63	775.8	786.14	1,657,291
12/30/2016	782.75	782.78	770.41	771.82	1,769,809
12/29/2016	783.33	785.93	778.92	782.79	743,808
12/28/2016	793.7	794.23	783.2	785.05	1,142,148
12/27/2016	790.68	797.86	787.657	791.55	789,151
12/23/2016	790.9	792.74	787.28	789.91	623,682
12/22/2016	792.36	793.32	788.58	791.26	972,147
12/21/2016	795.84	796.6757	787.1	794.56	1,208,770
12/20/2016	796.76	798.65	793.27	796.42	950,345
12/19/2016	790.22	797.66	786.27	794.2	1,231,966
12/16/2016	800.4	800.8558	790.29	790.8	2,435,100
12/15/2016	797.34	803	792.92	797.85	1,623,709
12/14/2016	797.4	804	794.01	797.07	1,700,875
12/13/2016	793.9	804.3799	793.34	796.1	2,122,735
12/12/2016	785.04	791.25	784.3554	789.27	2,102,288
12/09/2016	780	789.43	779.021	789.29	1,821,146
12/08/2016	772.48	778.18	767.23	776.42	1,487,517
12/07/2016	761	771.36	755.8	771.19	1,757,710
12/06/2016	764.73	768.83	757.34	759.11	1,690,365
12/05/2016	757.71	763.9	752.9	762.52	1,393,566
12/02/2016	744.59	754	743.1	750.5	1,452,181
12/01/2016	757.44	759.85	737.0245	747.92	3,017,001
11/30/2016	770.07	772.99	754.83	758.04	2,386,628
11/29/2016	771.53	778.5	768.24	770.84	1,616,427
11/28/2016	760	779.53	759.8	768.24	2,177,039
11/25/2016	764.26	765	760.52	761.68	587,421
11/23/2016	767.73	768.2825	755.25	760.99	1,477,501
11/22/2016	772.63	776.96	767	768.27	1,592,372
11/21/2016	762.61	769.7	760.6	769.2	1,324,431
11/18/2016	771.37	775	760	760.54	1,528,555
11/17/2016	766.92	772.7	764.23	771.23	1,298,484
11/16/2016	755.2	766.36	750.51	764.48	1,468,196
11/15/2016	746.97	764.4162	746.97	758.49	2,375,056
11/14/2016	755.6	757.85	727.54	736.08	3,644,965
11/11/2016	756.54	760.78	750.38	754.02	2,421,889
11/10/2016	791.17	791.17	752.18	762.56	4,733,916
11/09/2016	779.94	791.2265	771.67	785.31	2,603,860
11/08/2016	783.4	795.633	780.19	790.51	1,361,472
11/07/2016	774.5	785.19	772.55	782.52	1,574,426
11/04/2016	750.66	770.36	750.5611	762.02	2,131,948
11/03/2016	767.25	769.95	759.03	762.13	1,933,937
11/02/2016	778.2	781.65	763.4496	768.7	1,905,814
11/01/2016	782.89	789.49	775.54	783.61	2,404,898
10/31/2016	795.47	796.86	784	784.54	2,420,892
10/28/2016	808.35	815.49	793.59	795.37	4,261,912
10/27/2016	801	803.49	791.5	795.35	2,723,097
10/26/2016	806.34	806.98	796.32	799.07	1,645,403
10/25/2016	816.68	816.68	805.14	807.67	1,575,020
10/24/2016	804.9	815.18	804.82	813.11	1,693,162
10/21/2016	795	799.5	794	799.37	1,262,042
10/20/2016	803.3	803.97	796.03	796.97	1,755,546
10/19/2016	798.86	804.63	797.635	801.56	1,762,990
10/18/2016	787.85	801.61	785.565	795.26	2,046,338
10/17/2016	779.8	785.85	777.5	779.96	1,091,524
10/14/2016	781.65	783.95	776	778.53	851,512
10/13/2016	781.22	781.22	773	778.19	1,360,619
10/12/2016	783.76	788.13	782.06	786.14	935,138
10/11/2016	786.66	792.28	780.58	783.07	1,371,461
10/10/2016	777.71	789.38	775.87	785.94	1,161,410
10/07/2016	779.66	779.66	770.75	775.08	932,444
10/06/2016	779	780.48	775.54	776.86	1,066,910
10/05/2016	779.31	782.07	775.65	776.47	1,457,661
10/04/2016	776.03	778.71	772.89	776.43	1,198,361
10/03/2016	774.25	776.065	769.5	772.56	1,276,614
09/30/2016	776.33	780.94	774.09	777.29	1,583,293
09/29/2016	781.44	785.8	774.232	775.01	1,310,252
09/28/2016	777.85	781.81	774.97	781.56	1,108,249
09/27/2016	775.5	785.9899	774.308	783.01	1,152,760
09/26/2016	782.74	782.74	773.07	774.21	1,531,788
09/23/2016	786.59	788.93	784.15	786.9	1,411,439
09/22/2016	780	789.85	778.44	787.21	1,483,899
09/21/2016	772.66	777.16	768.301	776.22	1,166,290
09/20/2016	769	773.33	768.53	771.41	975,434
09/19/2016	772.42	774	764.4406	765.7	1,171,969
09/16/2016	769.75	769.75	764.66	768.88	2,047,036
09/15/2016	762.89	773.8	759.96	771.76	1,344,945
09/14/2016	759.61	767.68	759.11	762.49	1,093,723
09/13/2016	764.48	766.2195	755.8	759.69	1,394,158
09/12/2016	755.13	770.29	754.0001	769.02	1,310,493
09/09/2016	770.1	773.245	759.66	759.66	1,879,903
09/08/2016	778.59	780.35	773.58	775.32	1,268,663
09/07/2016	780	782.73	776.2	780.35	893,874
09/06/2016	773.45	782	771	780.08	1,441,864
09/02/2016	773.01	773.9199	768.41	771.46	1,070,725
09/01/2016	769.25	771.02	764.3	768.78	925,019
08/31/2016	767.01	769.09	765.38	767.05	1,247,937
08/30/2016	769.33	774.466	766.84	769.09	1,129,932
08/29/2016	768.74	774.99	766.615	772.15	847,537
08/26/2016	769	776.0799	765.85	769.54	1,164,713
08/25/2016	767	771.89	763.1846	769.41	926,856
08/24/2016	770.58	774.5	767.07	769.64	1,071,569
08/23/2016	775.48	776.44	771.785	772.08	925,356
08/22/2016	773.27	774.54	770.0502	772.15	950,417
08/19/2016	775	777.1	773.13	775.42	860,899
08/18/2016	780.01	782.86	777	777.5	718,882
08/17/2016	777.32	780.81	773.53	779.91	921,666
08/16/2016	780.3	780.98	773.444	777.14	1,027,836
08/15/2016	783.75	787.49	780.11	782.44	938,183
08/12/2016	781.5	783.395	780.4	783.22	739,761
08/11/2016	785	789.75	782.97	784.85	971,742
08/10/2016	783.75	786.8123	782.778	784.68	784,559
08/09/2016	781.1	788.94	780.57	784.26	1,318,457
08/08/2016	782	782.63	778.091	781.76	1,106,693
08/05/2016	773.78	783.04	772.34	782.22	1,799,478
08/04/2016	772.22	774.07	768.795	771.61	1,139,972
08/03/2016	767.18	773.21	766.82	773.18	1,283,186
08/02/2016	768.69	775.84	767.85	771.07	1,782,822
08/01/2016	761.09	780.43	761.09	772.88	2,697,699
07/29/2016	772.71	778.55	766.77	768.79	3,830,103
07/28/2016	747.04	748.65	739.3	745.91	3,473,040
07/27/2016	738.28	744.46	737	741.77	1,509,133
07/26/2016	739.04	741.69	734.27	738.42	1,182,993
07/25/2016	740.67	742.61	737.5	739.77	1,031,643
07/22/2016	741.86	743.24	736.56	742.74	1,256,741
07/21/2016	740.36	741.69	735.831	738.63	1,022,229
07/20/2016	737.33	742.13	737.1	741.19	1,283,931
07/19/2016	729.89	736.99	729	736.96	1,225,467
07/18/2016	722.71	736.13	721.19	733.78	1,284,740
07/15/2016	725.73	725.74	719.055	719.85	1,277,514
07/14/2016	721.58	722.21	718.03	720.95	949,456
07/13/2016	723.62	724	716.85	716.98	933,352
07/12/2016	719.12	722.94	715.91	720.64	1,336,112
07/11/2016	708.05	716.51	707.24	715.09	1,107,039
07/08/2016	699.5	705.71	696.435	705.63	1,573,909
07/07/2016	698.08	698.2	688.215	695.36	1,303,661
07/06/2016	689.98	701.68	689.09	697.77	1,411,080
07/05/2016	696.06	696.94	688.88	694.49	1,462,879
07/01/2016	692.2	700.65	692.1301	699.21	1,344,387
06/30/2016	685.47	692.32	683.65	692.1	1,597,298
06/29/2016	683	687.4292	681.41	684.11	1,931,436
06/28/2016	678.97	680.33	673	680.04	2,169,704
06/27/2016	671	672.3	663.284	668.26	2,632,011
06/24/2016	675.17	689.4	673.45	675.22	4,442,943
06/23/2016	697.45	701.95	687	701.87	2,166,183
06/22/2016	699.06	700.86	693.0819	697.46	1,182,161
06/21/2016	698.4	702.77	692.01	695.94	1,464,836
06/20/2016	698.77	702.48	693.41	693.71	2,080,645
06/17/2016	708.65	708.82	688.4515	691.72	3,397,720
06/16/2016	714.91	716.65	703.26	710.36	1,981,657
06/15/2016	719	722.98	717.31	718.92	1,213,386
06/14/2016	716.48	722.47	713.12	718.27	1,303,808
06/13/2016	716.51	725.44	716.51	718.36	1,255,199
06/10/2016	719.47	725.89	716.43	719.41	1,213,989
06/09/2016	722.87	729.54	722.3361	728.58	987,635
06/08/2016	723.96	728.57	720.58	728.28	1,583,325
06/07/2016	719.84	721.98	716.55	716.65	1,336,348
06/06/2016	724.91	724.91	714.61	716.55	1,565,955
06/03/2016	729.27	729.49	720.56	722.34	1,225,924
06/02/2016	732.5	733.02	724.17	730.4	1,340,664
06/01/2016	734.53	737.21	730.66	734.15	1,251,468
05/31/2016	731.74	739.73	731.26	735.72	2,128,358
05/27/2016	724.01	733.936	724	732.66	1,974,425
05/26/2016	722.87	728.33	720.28	724.12	1,573,635
05/25/2016	720.76	727.51	719.7047	725.27	1,629,790
05/24/2016	706.86	720.97	706.86	720.09	1,926,828
05/23/2016	706.53	711.4781	704.18	704.24	1,326,386
05/20/2016	701.62	714.58	700.52	709.74	1,825,830
05/19/2016	702.36	706	696.8	700.32	1,668,887
05/18/2016	703.67	711.6	700.63	706.63	1,765,632
05/17/2016	715.99	721.52	704.11	706.23	1,999,883
05/16/2016	709.13	718.48	705.65	716.49	1,316,719
05/13/2016	711.93	716.6619	709.26	710.83	1,307,559
05/12/2016	717.06	719.25	709	713.31	1,361,170
05/11/2016	723.41	724.48	712.8	715.29	1,690,862
05/10/2016	716.75	723.5	715.72	723.18	1,568,621
05/09/2016	712	718.71	710	712.9	1,509,892
05/06/2016	698.38	711.86	698.1067	711.12	1,828,508
05/05/2016	697.7	702.3199	695.72	701.43	1,680,220
05/04/2016	690.49	699.75	689.01	695.7	1,692,757
05/03/2016	696.87	697.84	692	692.36	1,541,297
05/02/2016	697.63	700.64	691	698.21	1,645,013
04/29/2016	690.7	697.62	689	693.01	2,486,584
04/28/2016	708.26	714.17	689.55	691.02	2,859,790
04/27/2016	707.29	708.98	692.3651	705.84	3,094,905
04/26/2016	725.42	725.766	703.0264	708.14	2,739,133
04/25/2016	716.1	723.93	715.59	723.15	1,956,956
04/22/2016	726.3	736.12	713.61	718.77	5,949,699
04/21/2016	755.38	760.45	749.55	759.14	2,995,094
04/20/2016	758	758.1315	750.01	752.67	1,526,776
04/19/2016	769.51	769.9	749.33	753.93	2,027,962
04/18/2016	760.46	768.05	757.3	766.61	1,557,199
04/15/2016	753.98	761	752.6938	759	1,807,062
04/14/2016	754.01	757.31	752.705	753.2	1,134,056
04/13/2016	749.16	754.38	744.261	751.72	1,707,397
04/12/2016	738	743.83	731.01	743.09	1,349,780
04/11/2016	743.02	745	736.05	736.1	1,218,789
04/08/2016	743.97	745.45	735.55	739.15	1,289,869
04/07/2016	745.37	746.9999	736.28	740.28	1,452,369
04/06/2016	735.77	746.24	735.56	745.69	1,052,171
04/05/2016	738	742.8	735.37	737.8	1,130,817
04/04/2016	750.06	752.8	742.43	745.29	1,134,214
04/01/2016	738.6	750.34	737	749.91	1,576,240
03/31/2016	749.25	750.85	740.94	744.95	1,718,638
03/30/2016	750.1	757.88	748.74	750.53	1,782,278
03/29/2016	734.59	747.25	728.76	744.77	1,902,254
03/28/2016	736.79	738.99	732.5	733.53	1,300,817
03/24/2016	732.01	737.747	731	735.3	1,570,474
03/23/2016	742.36	745.7199	736.15	738.06	1,431,130
03/22/2016	737.46	745	737.46	740.75	1,269,263
03/21/2016	736.5	742.5	733.5157	742.09	1,835,963
03/18/2016	741.86	742	731.83	737.6	2,982,194
03/17/2016	736.45	743.07	736	737.78	1,859,562
03/16/2016	726.37	737.47	724.51	736.09	1,621,412
03/15/2016	726.92	732.29	724.77	728.33	1,720,790
03/14/2016	726.81	735.5	725.15	730.49	1,717,002
03/11/2016	720	726.92	717.125	726.82	1,968,164
03/10/2016	708.12	716.44	703.36	712.82	2,830,630
03/09/2016	698.47	705.68	694	705.24	1,419,661
03/08/2016	688.59	703.79	685.34	693.97	2,075,305
03/07/2016	706.9	708.0912	686.9	695.16	2,986,064
03/04/2016	714.99	716.49	706.02	710.89	1,971,379
03/03/2016	718.68	719.45	706.02	712.42	1,956,958
03/02/2016	719	720	712	718.85	1,629,501
03/01/2016	703.62	718.81	699.77	718.81	2,148,608
02/29/2016	700.32	710.89	697.68	697.77	2,478,214
02/26/2016	708.58	713.43	700.86	705.07	2,241,785
02/25/2016	700.01	705.98	690.585	705.75	1,640,430
02/24/2016	688.92	700	680.78	699.56	1,961,258
02/23/2016	701.45	708.4	693.58	695.85	2,006,572
02/22/2016	707.45	713.24	702.51	706.46	1,949,046
02/19/2016	695.03	703.0805	694.05	700.91	1,585,152
02/18/2016	710	712.35	696.03	697.35	1,880,306
02/17/2016	699	709.75	691.38	708.4	2,490,021
02/16/2016	692.98	698	685.05	691	2,517,324
02/12/2016	690.26	693.75	678.6	682.4	2,138,937
02/11/2016	675	689.35	668.8675	683.11	3,021,587
02/10/2016	686.86	701.31	682.13	684.12	2,629,130
02/09/2016	672.32	699.9	668.77	678.11	3,605,792
02/08/2016	667.85	684.03	663.06	682.74	4,241,416
02/05/2016	703.87	703.99	680.15	683.57	5,098,357
02/04/2016	722.81	727	701.86	708.01	5,157,988
02/03/2016	770.22	774.5	720.5	726.95	6,166,731
02/02/2016	784.5	789.8699	764.65	764.65	6,340,548
02/01/2016	750.46	757.86	743.27	752	5,065,235
01/29/2016	731.53	744.9899	726.8	742.95	3,464,432
01/28/2016	722.22	733.69	712.35	730.96	2,664,956
01/27/2016	713.67	718.235	694.39	699.99	2,175,913
01/26/2016	713.85	718.28	706.48	713.04	1,329,141
01/25/2016	723.58	729.68	710.01	711.67	1,709,777
01/22/2016	723.6	728.13	720.121	725.25	2,009,951
01/21/2016	702.18	719.19	694.46	706.59	2,411,079
01/20/2016	688.61	706.85	673.26	698.45	3,441,642
01/19/2016	703.3	709.98	693.4101	701.79	2,264,747
01/15/2016	692.29	706.74	685.37	694.45	3,604,137
01/14/2016	705.38	721.925	689.1	714.72	2,225,495
01/13/2016	730.85	734.74	698.61	700.56	2,497,086
01/12/2016	721.68	728.75	717.3165	726.07	2,010,026
01/11/2016	716.61	718.855	703.54	716.03	2,089,495
01/08/2016	731.45	733.23	713	714.47	2,449,420
01/07/2016	730.31	738.5	719.06	726.39	2,960,578
01/06/2016	730	747.18	728.92	743.62	1,943,685
01/05/2016	746.45	752	738.64	742.58	1,949,386
01/04/2016	743	744.06	731.2577	741.84	3,271,348
12/31/2015	769.5	769.5	758.34	758.88	1,500,129
12/30/2015	776.6	777.6	766.9	771	1,293,514
12/29/2015	766.69	779.98	766.43	776.6	1,764,044
12/28/2015	752.92	762.99	749.52	762.51	1,515,574
12/24/2015	749.55	751.35	746.62	748.4	527,223
12/23/2015	753.47	754.21	744	750.31	1,566,723
12/22/2015	751.65	754.85	745.53	750	1,365,420
12/21/2015	746.13	750	740	747.77	1,524,535
12/18/2015	746.51	754.13	738.15	739.31	3,140,906
12/17/2015	762.42	762.68	749	749.43	1,551,087
12/16/2015	750	760.59	739.435	758.09	1,986,319
12/15/2015	753	758.08	743.01	743.4	2,661,199
12/14/2015	741.79	748.73	724.17	747.77	2,417,778
12/11/2015	741.16	745.71	736.75	738.87	2,223,284
12/10/2015	752.85	755.85	743.83	749.46	1,988,035
12/09/2015	759.17	764.23	737.001	751.61	2,697,978
12/08/2015	757.89	764.8	754.2	762.37	1,829,004
12/07/2015	767.77	768.73	755.09	763.25	1,811,336
12/04/2015	753.1	768.49	750	766.81	2,756,194
12/03/2015	766.01	768.995	745.63	752.54	2,589,641
12/02/2015	768.9	775.955	758.96	762.38	2,196,721
12/01/2015	747.11	768.95	746.7	767.04	2,131,827
11/30/2015	748.81	754.93	741.27	742.6	2,045,584
11/27/2015	748.46	753.41	747.49	750.26	838,528
11/25/2015	748.14	752	746.06	748.15	1,122,224
11/24/2015	752	755.279	737.63	748.28	2,333,700
11/23/2015	757.45	762.7075	751.82	755.98	1,414,640
11/20/2015	746.53	757.92	743	756.6	2,212,934
11/19/2015	738.74	742	737.43	738.41	1,327,265
11/18/2015	727.58	741.41	727	740	1,683,978
11/17/2015	729.29	731.845	723.027	725.3	1,507,449
11/16/2015	715.6	729.49	711.33	728.96	1,904,395
11/13/2015	729.17	731.15	716.73	717	2,072,392
11/12/2015	731	737.8	728.645	731.23	1,836,567
11/11/2015	732.46	741	730.23	735.4	1,366,611
11/10/2015	724.4	730.59	718.5001	728.32	1,606,499
11/09/2015	730.2	734.71	719.43	724.89	2,068,920
11/06/2015	731.5	735.41	727.01	733.76	1,510,586
11/05/2015	729.47	739.48	729.47	731.25	1,861,100
11/04/2015	722	733.1	721.9	728.11	1,705,745
11/03/2015	718.86	724.65	714.72	722.16	1,565,355
11/02/2015	711.06	721.62	705.85	721.11	1,885,155
10/30/2015	715.73	718	710.05	710.81	1,907,732
10/29/2015	710.5	718.26	710.01	716.92	1,455,508
10/28/2015	707.33	712.98	703.08	712.95	2,178,841
10/27/2015	707.38	713.62	704.55	708.49	2,232,183
10/26/2015	701.55	719.15	701.26	712.78	2,709,292
10/23/2015	727.5	730	701.5	702	6,651,909
10/22/2015	646.7	657.8	644.01	651.79	3,994,360
10/21/2015	654.15	655.87	641.73	642.61	1,792,869
10/20/2015	664.04	664.7197	644.195	650.28	2,498,077
10/19/2015	661.18	666.82	659.58	666.1	1,465,691
10/16/2015	664.11	664.97	657.2	662.2	1,610,712
10/15/2015	654.66	663.13	654.46	661.74	1,832,832
10/14/2015	653.21	659.39	648.85	651.16	1,413,798
10/13/2015	643.15	657.8125	643.15	652.3	1,806,003
10/12/2015	642.09	648.5	639.01	646.67	1,275,565
10/09/2015	640	645.99	635.318	643.61	1,648,656
10/08/2015	641.36	644.45	625.56	639.16	2,181,990
10/07/2015	649.24	650.609	632.15	642.36	2,092,536
10/06/2015	638.84	649.25	636.5295	645.44	2,235,078
10/05/2015	632	643.01	627	641.47	1,802,263
10/02/2015	607.2	627.34	603.13	626.91	2,681,241
10/01/2015	608.37	612.09	599.85	611.29	1,866,223
09/30/2015	603.28	608.76	600.73	608.42	2,412,754
09/29/2015	597.28	605	590.22	594.97	2,310,065
09/28/2015	610.34	614.605	589.38	594.89	3,118,693
09/25/2015	629.77	629.77	611	611.97	2,173,134
09/24/2015	616.64	627.32	612.4	625.8	2,238,097
09/23/2015	622.05	628.93	620	622.36	1,470,633
09/22/2015	627	627.55	615.43	622.69	2,561,551
09/21/2015	634.4	636.49	625.94	635.44	1,786,543
09/18/2015	636.79	640	627.02	629.25	5,123,314
09/17/2015	637.79	650.9	635.02	642.9	2,259,404
09/16/2015	635.47	637.95	632.32	635.98	1,276,250
09/15/2015	626.7	638.7	623.78	635.14	2,082,426
09/14/2015	625.7	625.86	619.43	623.24	1,701,618
09/11/2015	619.75	625.78	617.42	625.77	1,372,803
09/10/2015	613.1	624.16	611.43	621.35	1,903,334
09/09/2015	621.22	626.52	609.6	612.72	1,699,686
09/08/2015	612.49	616.31	604.12	614.66	2,277,487
09/04/2015	600	603.47	595.25	600.7	2,087,028
09/03/2015	617	619.71	602.8213	606.25	1,757,851
09/02/2015	605.59	614.34	599.71	614.34	2,573,982
09/01/2015	602.36	612.86	594.1	597.79	3,699,844
08/31/2015	627.54	635.8	617.68	618.25	2,172,168
08/28/2015	632.82	636.88	624.56	630.38	1,975,818
08/27/2015	639.4	643.59	622	637.61	3,485,906
08/26/2015	610.35	631.71	599.05	628.62	4,187,276
08/25/2015	614.91	617.45	581.11	582.06	3,521,916
08/24/2015	573	614	565.05	589.61	5,727,282
08/21/2015	639.78	640.05	612.33	612.48	4,261,666
08/20/2015	655.46	662.99	642.9	646.83	2,854,028
08/19/2015	656.6	667	654.19	660.9	2,132,265
08/18/2015	661.9	664	653.46	656.13	1,455,664
08/17/2015	656.8	661.38	651.24	660.87	1,050,553
08/14/2015	655.01	659.855	652.66	657.12	1,071,333
08/13/2015	659.323	664.5	651.661	656.45	1,807,182
08/12/2015	663.08	665	652.29	659.56	2,938,651
08/11/2015	669.2	674.9	654.27	660.78	5,016,425
08/10/2015	639.48	643.44	631.249	633.73	1,653,836
08/07/2015	640.23	642.68	629.71	635.3	1,403,441
08/06/2015	645	645.379	632.25	642.68	1,572,150
08/05/2015	634.33	647.86	633.16	643.78	2,331,720
08/04/2015	628.42	634.81	627.16	629.25	1,486,858
08/03/2015	625.34	633.0556	625.34	631.21	1,301,439
07/31/2015	631.38	632.91	625.5	625.61	1,705,286
07/30/2015	630	635.22	622.05	632.59	1,472,286
07/29/2015	628.8	633.36	622.65	631.93	1,573,146
07/28/2015	632.83	632.83	623.31	628	1,713,684
07/27/2015	621	634.3	620.5	627.26	2,673,801
07/24/2015	647	648.17	622.52	623.56	3,622,089
07/23/2015	661.27	663.63	641	644.28	3,014,035
07/22/2015	660.89	678.64	659	662.1	3,707,818
07/21/2015	655.21	673	654.3	662.3	3,363,342
07/20/2015	659.24	668.88	653.01	663.02	5,857,092
07/17/2015	649	674.468	645	672.93	11,153,500
07/16/2015	565.12	580.68	565	579.85	4,559,712
07/15/2015	560.13	566.5029	556.79	560.22	1,782,264
07/14/2015	546.76	565.8487	546.71	561.1	3,231,284
07/13/2015	532.88	547.11	532.4001	546.55	2,204,610
07/10/2015	526.29	532.56	525.55	530.13	1,954,951
07/09/2015	523.12	523.77	520.35	520.68	1,840,155
07/08/2015	521.05	522.734	516.11	516.83	1,293,372
07/07/2015	523.13	526.18	515.18	525.02	1,595,672
07/06/2015	519.5	525.25	519	522.86	1,278,587
07/02/2015	521.08	524.65	521.08	523.4	1,235,773
07/01/2015	524.73	525.69	518.2305	521.84	1,961,197
06/30/2015	526.02	526.25	520.5	520.51	2,234,284
06/29/2015	525.01	528.61	520.54	521.52	1,935,361
06/26/2015	537.26	537.76	531.35	531.69	2,108,629
06/25/2015	538.87	540.9	535.23	535.23	1,332,412
06/24/2015	540	540	535.66	537.84	1,286,576
06/23/2015	539.64	541.499	535.25	540.48	1,196,115
06/22/2015	539.59	543.74	537.53	538.19	1,243,535
06/19/2015	537.21	538.25	533.01	536.69	1,890,916
06/18/2015	531	538.15	530.79	536.73	1,832,450
06/17/2015	529.37	530.98	525.1	529.26	1,269,113
06/16/2015	528.4	529.6399	525.56	528.15	1,071,728
06/15/2015	528	528.3	524	527.2	1,632,675
06/12/2015	531.6	533.12	530.16	532.33	955,489
06/11/2015	538.425	538.98	533.02	534.61	1,208,632
06/10/2015	529.36	538.36	529.35	536.69	1,813,775
06/09/2015	527.56	529.2	523.01	526.69	1,454,172
06/08/2015	533.31	534.12	526.24	526.83	1,523,960
06/05/2015	536.35	537.2	532.52	533.33	1,375,008
06/04/2015	537.76	540.59	534.32	536.7	1,346,044
06/03/2015	539.91	543.5	537.11	540.31	1,716,836
06/02/2015	532.93	543	531.33	539.18	1,936,721
06/01/2015	536.79	536.79	529.76	533.99	1,900,257
05/29/2015	537.37	538.63	531.45	532.11	2,590,445
05/28/2015	538.01	540.61	536.25	539.78	1,029,764
05/27/2015	532.8	540.55	531.71	539.79	1,524,783
05/26/2015	538.12	539	529.88	532.32	2,404,462
05/22/2015	540.15	544.19	539.51	540.11	1,175,065
05/21/2015	537.95	543.8399	535.98	542.51	1,461,431
05/20/2015	538.49	542.92	532.972	539.27	1,430,565
05/19/2015	533.98	540.66	533.04	537.36	1,964,037
05/18/2015	532.01	534.82	528.85	532.3	2,001,117
05/15/2015	539.18	539.2743	530.38	533.85	1,965,088
05/14/2015	533.77	539	532.41	538.4	1,401,005
05/13/2015	530.56	534.3215	528.655	529.62	1,253,005
05/12/2015	531.6	533.2089	525.26	529.04	1,633,180
05/11/2015	538.37	541.98	535.4	535.7	904,465
05/08/2015	536.65	541.15	536	538.22	1,527,181
05/07/2015	523.99	533.46	521.75	530.7	1,543,986
05/06/2015	531.24	532.38	521.085	524.22	1,566,865
05/05/2015	538.21	539.74	530.3906	530.8	1,380,519
05/04/2015	538.53	544.07	535.06	540.78	1,303,830
05/01/2015	538.43	539.54	532.1	537.9	1,758,085
04/30/2015	547.87	548.59	535.05	537.34	2,080,834
04/29/2015	550.47	553.68	546.905	549.08	1,696,886
04/28/2015	554.64	556.02	550.366	553.68	1,490,735
04/27/2015	563.39	565.95	553.2001	555.37	2,390,696
04/24/2015	566.1	571.14	557.25	565.06	4,916,008
04/23/2015	541	550.96	540.23	547	4,129,218
04/22/2015	534.4	541.08	531.75	539.365	1,582,956
04/21/2015	537.51	539.39	533.675	533.97	1,838,719
04/20/2015	525.6	536.09	524.5	535.38	1,674,958
04/17/2015	528.66	529.84	521.01	524.05	2,143,872
04/16/2015	529.9	535.59	529.61	533.8	1,293,690
04/15/2015	528.7	534.73	523.22	532.53	2,305,585
04/14/2015	536.25	537.5699	528.0925	530.39	2,590,747
04/13/2015	538.41	544.06	537.31	539.17	1,640,741
04/10/2015	542.29	542.29	537.31	540.01	1,405,136
04/09/2015	541.03	541.95	535.49	540.78	1,551,831
04/08/2015	538.38	543.85	538.38	541.61	1,171,860
04/07/2015	538.08	542.69	536	537.02	1,299,253
04/06/2015	532.22	538.41	529.57	536.765	1,317,628
04/02/2015	540.85	540.85	533.8467	535.53	1,709,833
04/01/2015	548.6	551.14	539.5	542.56	1,951,319
03/31/2015	550	554.71	546.72	548	1,583,330
03/30/2015	551.62	553.47	548.17	552.03	1,283,210
03/27/2015	553	555.28	548.13	548.34	1,890,816
03/26/2015	557.59	558.9	550.65	555.17	1,565,551
03/25/2015	570.5	572.26	558.74	558.785	2,144,268
03/24/2015	562.56	574.59	561.21	570.19	2,573,339
03/23/2015	560.43	562.36	555.83	558.81	1,639,186
03/20/2015	561.65	561.72	559.05	560.36	2,607,253
03/19/2015	559.39	560.8	556.145	557.99	1,192,429
03/18/2015	552.5	559.78	547.0001	559.5	2,125,596
03/17/2015	551.71	553.8	548	550.84	1,800,550
03/16/2015	550.95	556.85	546	554.51	1,636,083
03/13/2015	553.5	558.4	544.22	547.32	1,697,602
03/12/2015	553.51	556.37	550.46	555.51	1,385,657
03/11/2015	555.14	558.14	550.68	551.18	1,815,503
03/10/2015	564.25	564.85	554.73	555.01	1,785,438
03/09/2015	566.86	570.27	563.535	568.85	1,059,336
03/06/2015	574.88	576.6799	566.76	567.685	1,647,702
03/05/2015	575.02	577.91	573.41	575.33	1,385,303
03/04/2015	571.87	577.11	568.01	573.37	1,869,830
03/03/2015	570.45	575.39	566.52	573.64	1,696,631
03/02/2015	560.53	572.15	558.75	571.34	2,121,542
02/27/2015	554.24	564.71	552.9	558.4	2,402,191
02/26/2015	543.21	556.14	541.5	555.48	2,303,785
02/25/2015	535.9	546.22	535.445	543.87	1,820,199
02/24/2015	530	536.79	528.25	536.09	1,002,313
02/23/2015	536.05	536.439	529.41	531.91	1,453,049
02/20/2015	543.13	543.75	535.8	538.95	1,441,147
02/19/2015	538.04	543.11	538.01	542.87	986,623
02/18/2015	541.4	545.49	537.51	539.7	1,448,453
02/17/2015	546.83	550	541.09	542.84	1,609,871
02/13/2015	543.35	549.91	543.13	549.01	1,876,720
02/12/2015	537.25	544.82	534.673	542.93	1,612,310
02/11/2015	535.3	538.45	533.3775	535.97	1,372,342
02/10/2015	529.3	537.7	526.92	536.94	1,744,529
02/09/2015	528	532	526.02	527.83	1,263,243
02/06/2015	527.64	537.2	526.41	531	1,758,422
02/05/2015	523.79	528.5	522.09	527.58	1,843,714
02/04/2015	529.24	532.6715	521.27	522.76	1,657,900
02/03/2015	528	533.4	523.26	529.24	2,032,952
02/02/2015	531.73	533	518.55	528.48	2,836,638
01/30/2015	515.86	539.87	515.52	534.52	5,588,904
01/29/2015	511	511.09	501.2	510.66	4,105,168
01/28/2015	522.78	522.99	510	510	1,677,083
01/27/2015	529.97	530.7	518.19	518.63	1,897,347
01/26/2015	538.53	539	529.67	535.21	1,538,786
01/23/2015	535.59	542.17	533	539.95	2,272,098
01/22/2015	521.48	536.33	519.7	534.39	2,662,154
01/21/2015	507.25	519.28	506.2	518.04	2,259,477
01/20/2015	511	512.5	506.016	506.9	2,222,805
01/16/2015	500.01	508.19	500	508.08	2,291,530
01/15/2015	505.57	505.68	497.76	501.79	2,710,022
01/14/2015	494.65	503.23	493	500.87	2,210,623
01/13/2015	498.84	502.98	492.39	496.18	2,365,612
01/12/2015	494.94	495.976	487.56	492.55	2,317,278
01/09/2015	504.76	504.92	494.79	496.17	2,063,743
01/08/2015	497.99	503.48	491	502.68	3,341,935
01/07/2015	507	507.244	499.65	501.1	2,053,750
01/06/2015	515	516.175	501.05	501.96	2,884,479
01/05/2015	523.26	524.33	513.06	513.87	2,049,303
01/02/2015	529.01	531.27	524.1	524.81	1,444,809
12/31/2014	531.25	532.6	525.8	526.4	1,367,110
12/30/2014	528.09	531.15	527.13	530.42	873,644
12/29/2014	532.19	535.48	530.011	530.33	2,275,392
12/26/2014	528.77	534.25	527.31	534.03	1,037,486
12/24/2014	530.51	531.759	527.02	528.77	704,035
12/23/2014	527	534.56	526.29	530.59	2,190,993
12/22/2014	516.08	526.46	516.08	524.87	2,722,210
12/19/2014	511.51	517.72	506.9106	516.35	3,611,980
12/18/2014	512.95	513.87	504.7	511.1	2,910,920
12/17/2014	497	507	496.81	504.89	2,873,600
12/16/2014	511.56	513.05	489	495.39	3,946,450
12/15/2014	522.74	523.1	513.27	513.8	2,806,300
12/12/2014	523.51	528.5	518.66	518.66	1,982,666
12/11/2014	527.8	533.92	527.1	528.34	1,606,381
12/10/2014	533.08	536.33	525.56	526.06	1,716,284
12/09/2014	522.14	534.19	520.5	533.37	1,866,851
12/08/2014	527.13	531	523.79	526.98	2,324,883
12/05/2014	531	532.89	524.28	525.26	2,555,642
12/04/2014	531.16	537.34	528.59	537.31	1,389,395
12/03/2014	531.44	535.996	529.26	531.32	1,278,091
12/02/2014	533.51	535.5	529.8	533.75	1,521,775
12/01/2014	538.9	541.41	531.86	533.8	2,106,865
11/28/2014	540.62	542	536.6	541.83	1,145,231
11/26/2014	540.88	541.55	537.042	540.37	1,518,835
11/25/2014	539	543.98	538.602	541.08	1,782,596
11/24/2014	537.65	542.7	535.62	539.27	1,699,629
11/21/2014	541.61	542.14	536.56	537.5	2,217,252
11/20/2014	531.25	535.11	531.08	534.83	1,557,095
11/19/2014	535	538.24	530.08	536.99	1,382,955
11/18/2014	537.5	541.94	534.17	535.03	1,954,931
11/17/2014	543.58	543.79	534.061	536.51	1,720,123
11/14/2014	546.68	546.68	542.15	544.4	1,284,981
11/13/2014	549.8	549.8	543.48	545.38	1,334,367
11/12/2014	550.39	550.46	545.17	547.31	1,124,171
11/11/2014	548.49	551.9399	546.3	550.29	961,011
11/10/2014	541.46	549.59	541.02	547.49	1,129,377
11/07/2014	546.21	546.21	538.67	541.01	1,627,870
11/06/2014	545.5	546.885	540.97	542.04	1,327,323
11/05/2014	556.8	556.8	544.05	545.92	2,022,352
11/04/2014	553	555.5	549.3	554.11	1,236,913
11/03/2014	555.5	557.9	553.23	555.22	1,377,090
10/31/2014	559.35	559.57	554.75	559.08	2,029,446
10/30/2014	548.95	552.8	543.51	550.31	1,451,532
10/29/2014	550	554.19	546.98	549.33	1,762,805
10/28/2014	543	548.98	541.62	548.9	1,246,198
10/27/2014	537.03	544.41	537.03	540.77	1,182,069
10/24/2014	544.36	544.88	535.79	539.78	1,966,151
10/23/2014	539.32	547.22	535.85	543.98	2,341,998
10/22/2014	529.89	539.8	528.8	532.71	2,911,235
10/21/2014	525.19	526.79	519.11	526.54	2,329,510
10/20/2014	509.45	521.76	508.1	520.84	2,598,754
10/17/2014	527.25	530.98	508.53	511.17	5,522,919
10/16/2014	519	529.43	515	524.51	3,665,434
10/15/2014	531.01	532.8	518.3	530.03	3,705,634
10/14/2014	538.9	547.19	533.1695	537.94	2,215,425
10/13/2014	544.99	549.5	533.1	533.21	2,565,034
10/10/2014	557.72	565.1299	544.05	544.49	3,073,334
10/09/2014	571.18	571.49	559.06	560.88	2,517,847
10/08/2014	565.57	573.88	557.49	572.5	1,984,777
10/07/2014	574.4	575.27	563.74	563.74	1,902,424
10/06/2014	578.8	581	574.44	577.35	1,211,113
10/03/2014	573.05	577.225	572.5	575.28	1,137,616
10/02/2014	567.31	571.91	563.32	570.08	1,181,177
10/01/2014	576.01	577.5799	567.01	568.27	1,441,527
09/30/2014	576.93	579.85	572.85	577.36	1,617,320
09/29/2014	571.75	578.19	571.17	576.36	1,278,274
09/26/2014	576.06	579.25	574.66	577.1	1,439,687
09/25/2014	587.55	587.98	574.18	575.06	1,918,179
09/24/2014	581.46	589.63	580.52	587.99	1,723,438
09/23/2014	586.85	586.85	581	581.13	1,464,386
09/22/2014	593.82	593.949	583.46	587.37	1,684,861
09/19/2014	591.5	596.48	589.5	596.08	3,724,109
09/18/2014	587	589.54	585	589.27	1,438,201
09/17/2014	580.01	587.5199	578.775	584.77	1,687,731
09/16/2014	572.76	581.5	572.66	579.95	1,475,668
09/15/2014	572.94	574.95	568.21	573.1	1,593,030
09/12/2014	581	581.64	574.46	575.62	1,594,177
09/11/2014	580.36	581.81	576.26	581.35	1,215,910
09/10/2014	581.5	583.5	576.94	583.1	972,057
09/09/2014	588.9	589	580	581.01	1,283,678
09/08/2014	586.6	591.77	586.3	589.72	1,426,597
09/05/2014	583.98	586.55	581.95	586.08	1,626,806
09/04/2014	580	586	579.22	581.98	1,454,229
09/03/2014	580	582.99	575	577.94	1,211,507
09/02/2014	571.85	577.83	571.19	577.33	1,574,096
08/29/2014	571.33	572.04	567.0692	571.6	1,076,718
08/28/2014	569.56	573.25	567.1	569.2	1,289,128
08/27/2014	577.27	578.49	570.103	571	1,696,418
08/26/2014	581.26	581.8	576.58	577.86	1,634,286
08/25/2014	584.72	585	579	580.2	1,357,175
08/22/2014	583.59	585.236	580.64	582.56	786,115
08/21/2014	583.82	584.5	581.14	583.37	912,165
08/20/2014	585.88	586.7	582.57	584.49	1,033,657
08/19/2014	585	587.34	584	586.86	975,948
08/18/2014	576.11	584.51	576	582.16	1,280,214
08/15/2014	577.86	579.38	570.52	573.48	1,514,966
08/14/2014	576.18	577.9	570.88	574.65	982,814
08/13/2014	567.31	575	565.75	574.78	1,435,281
08/12/2014	564.52	565.9	560.88	562.73	1,533,541
08/11/2014	569.99	570.49	566	567.88	1,210,852
08/08/2014	563.56	570.25	560.35	568.77	1,490,706
08/07/2014	568	569.89	561.1	563.36	1,106,395
08/06/2014	561.78	570.7	560	566.374	1,325,466
08/05/2014	570.05	571.98	562.61	565.07	1,551,233
08/04/2014	569.04	575.35	564.1	573.15	1,422,379
08/01/2014	570.4	575.9599	562.85	566.07	1,946,815
07/31/2014	580.6	583.6499	570	571.6	2,089,324
07/30/2014	586.55	589.5	584	587.42	1,013,596
07/29/2014	588.75	589.7	583.515	585.61	1,343,951
07/28/2014	588.07	592.5	584.7533	590.6	980,623
07/25/2014	590.4	591.86	587.03	589.02	929,755
07/24/2014	596.45	599.5	591.77	593.35	1,032,015
07/23/2014	593.23	597.85	592.5	595.98	1,229,730
07/22/2014	590.72	599.65	590.6	594.74	1,691,117
07/21/2014	591.75	594.4	585.2326	589.47	2,056,420
07/18/2014	593	596.8	582	595.08	4,000,578
07/17/2014	579.53	580.99	568.61	573.7299	2,977,775
07/16/2014	588	588.4	582.2	582.66	1,393,153
07/15/2014	585.74	585.8045	576.56	584.78	1,618,230
07/14/2014	582.6	585.21	578.03	584.87	1,848,917
07/11/2014	571.91	580.85	571.42	579.18	1,617,309
07/10/2014	565.91	576.59	565.01	571.1	1,351,100
07/09/2014	571.58	576.72	569.376	576.08	1,111,847
07/08/2014	577.66	579.5284	566.135	571.09	1,904,121
07/07/2014	583.76	586.4299	579.59	582.25	1,059,944
07/03/2014	583.35	585.01	580.92	584.73	712,210
07/02/2014	583.35	585.4399	580.39	582.335	1,053,529
07/01/2014	578.32	584.4	576.65	582.67	1,444,029
06/30/2014	578.66	579.57	574.75	575.28	1,310,062
06/27/2014	577.18	579.87	573.8	577.24	2,227,207
06/26/2014	581	582.45	571.85	576	1,725,575
06/25/2014	565.26	579.96	565.22	578.65	1,961,435
06/24/2014	565.19	572.646	561.01	564.62	2,201,002
06/23/2014	555.15	565	554.25	564.95	1,532,354
06/20/2014	556.85	557.58	550.3915	556.36	4,494,200
06/19/2014	554.24	555	548.51	554.9	2,450,141
06/18/2014	544.86	553.56	544	553.37	1,734,731
06/17/2014	544.2	545.32	539.33	543.01	1,440,535
06/16/2014	549.26	549.62	541.52	544.28	1,697,866
06/13/2014	552.26	552.3	545.56	551.76	1,217,046
06/12/2014	557.3	557.99	548.46	551.35	1,454,280
06/11/2014	558	559.88	555.0201	558.84	1,096,413
06/10/2014	560.51	563.6	557.9	560.55	1,346,018
06/09/2014	557.15	562.9	556.04	562.12	1,460,832
06/06/2014	558.06	558.06	548.93	556.33	1,731,983
06/05/2014	546.4	554.95	544.45	553.9	1,684,263
06/04/2014	541.5	548.61	538.75	544.66	1,811,517
06/03/2014	550.99	552.34	542.55	544.94	1,857,079
06/02/2014	560.7	560.9	545.73	553.93	1,430,933
05/30/2014	560.8	561.35	555.91	559.89	1,766,237
05/29/2014	563.35	564	558.71	560.08	1,349,166
05/28/2014	564.57	567.84	561	561.68	1,644,973
05/27/2014	556	566	554.35	565.95	2,098,281
05/23/2014	547.26	553.64	543.7	552.7	1,926,883
05/22/2014	541.13	547.5999	540.78	545.06	1,607,695
05/21/2014	532.9	539.1828	531.91	538.94	1,187,797
05/20/2014	529.74	536.23	526.3	529.77	1,778,646
05/19/2014	519.7	529.78	517.583	528.86	1,273,994
05/16/2014	521.39	521.8	515.44	520.63	1,480,946
05/15/2014	525.7	525.87	517.42	519.98	1,697,113
05/14/2014	533	533	525.29	526.65	1,188,265
05/13/2014	530.89	536.07	529.51	533.09	1,645,775
05/12/2014	523.51	530.19	519.01	529.92	1,906,208
05/09/2014	510.75	519.9	504.2	518.73	2,431,747
05/08/2014	508.46	517.23	506.45	511	2,014,189
05/07/2014	515.79	516.68	503.3	509.96	3,213,227
05/06/2014	525.23	526.81	515.06	515.14	1,646,392
05/05/2014	524.82	528.9	521.32	527.81	1,021,200
05/02/2014	533.76	533.9999	525.61	527.93	1,683,510
05/01/2014	527.11	532.93	523.88	531.35	1,899,335
04/30/2014	527.6	528	522.52	526.66	1,744,021
04/29/2014	516.9	529.46	516.32	527.7	2,686,946
04/28/2014	517.18	518.6	502.8	517.15	3,321,292
04/25/2014	522.51	524.7	515.42	516.18	2,094,423
04/24/2014	530.07	531.65	522.12	525.16	1,876,048
04/23/2014	533.79	533.87	526.25	526.94	2,042,590
04/22/2014	528.64	537.23	527.51	534.81	2,358,577
04/21/2014	536.1	536.7	525.6	528.62	2,556,088
04/17/2014	548.81	549.5	531.15	536.1	6,780,479
04/16/2014	543	557	540	556.54	4,775,043
04/15/2014	536.82	538.45	518.4601	536.44	3,840,157
04/14/2014	538.25	544.1	529.561	532.52	2,561,317
04/11/2014	532.55	540	526.53	530.6	3,913,747
04/10/2014	565	565	539.9	540.95	4,025,527
04/09/2014	559.62	565.37	552.95	564.14	3,321,485
04/08/2014	542.6	555	541.61	554.9	3,141,406
04/07/2014	540.74	548.48	527.15	538.15	4,364,932
04/04/2014	574.65	577.77	543	543.14	6,350,969
04/03/2014	569.85	587.28	564.13	569.74	5,080,231
04/02/2014	599.99	604.83	562.19	567	146,697
04/01/2014	558.71	568.45	558.71	567.16	7,932
03/31/2014	566.89	567	556.93	556.97	10,772
03/28/2014	561.2	566.43	558.67	559.99	41,003
03/27/2014	568	568	552.92	558.46	13,052