14:03	54.51	55.42	54.24	55.36	529,716
05/05/2017	54.39	54.4806	53.67	54.39	995,329
05/04/2017	54.31	54.78	53.78	54.17	957,879
05/03/2017	53.86	54.36	53.2596	54.03	858,187
05/02/2017	54.08	54.2176	53.39	54.01	895,297
05/01/2017	53.99	54.5	53.63	54.24	814,426
04/28/2017	53.56	53.7656	52.878	53.62	551,111
04/27/2017	53.1	53.8799	53.04	53.53	616,900
04/26/2017	52.61	53.19	52.29	52.99	826,118
04/25/2017	52.91	52.96	52.14	52.2	765,132
04/24/2017	52.75	52.92	51.86	52.55	1,306,648
04/21/2017	52.81	53.37	51.63	51.83	1,213,877
04/20/2017	51.36	52.59	50.79	52.5	1,537,376
04/19/2017	50.57	51.42	50.43	51.01	865,128
04/18/2017	50.65	50.675	50.09	50.31	841,893
04/17/2017	50.58	51.23	50.41	50.8	1,000,347
04/13/2017	50.49	51.15	50.49	50.67	810,313
04/12/2017	51.13	51.46	50.36	50.48	619,455
04/11/2017	50.69	51.05	50.18	51.05	1,040,393
04/10/2017	51.63	51.95	50.71	50.79	1,312,608
04/07/2017	51.09	51.79	50.9	51.59	1,179,553
04/06/2017	50.7	51.24	49.9	51.22	1,090,436
04/05/2017	51.02	51.59	50.435	50.62	1,331,508
04/04/2017	51.11	51.71	50.89	50.97	852,310
04/03/2017	51.3	51.9	51.15	51.33	1,269,450
03/31/2017	50.89	51.67	50.7358	51.28	928,828
03/30/2017	51.2	51.4	50.75	50.85	1,085,344
03/29/2017	51.2	51.2	50.55	50.96	1,051,088
03/28/2017	51.01	51.48	50.13	51.13	1,677,758
03/27/2017	49.02	51.35	48.56	50.96	2,501,205
03/24/2017	50.29	50.75	49.2	49.57	2,466,966
03/23/2017	49.52	50.25	48.98	49.8	2,009,318
03/22/2017	48.29	48.99	47.58	48.99	1,524,968
03/21/2017	50.24	50.24	48.32	48.65	2,201,476
03/20/2017	49.68	50.75	49.3133	49.85	2,049,289
03/17/2017	49.27	49.825	48.77	49.79	1,794,132
03/16/2017	47.92	49.42	47.89	49.04	2,994,946
03/15/2017	46.3	47.89	45.91	47.87	1,745,297
03/14/2017	46.62	46.67	45.935	46.1	1,169,888
03/13/2017	45.15	46.83	45.1	46.83	1,631,204
03/10/2017	44.97	45.37	44.51	45.14	1,246,604
03/09/2017	44.14	44.76	44.02	44.75	1,235,594
03/08/2017	44.16	44.43	43.94	44.25	895,441
03/07/2017	43.89	44.26	43.74	44.1	837,422
03/06/2017	43.79	44.225	43.495	44.05	998,621
03/03/2017	43.85	44.93	43.78	44.17	1,112,140
03/02/2017	44.8	44.89	43.7209	44	2,798,173
03/01/2017	43.06	45.85	41.3	44.9	4,031,118
02/28/2017	43.98	44.42	43.68	43.69	1,853,858
02/27/2017	44.05	44.25	43.75	44.14	985,755
02/24/2017	43.26	44.37	43.26	44.21	1,095,345
02/23/2017	43.65	43.8	42.87	43.58	995,725
02/22/2017	43.98	44.35	43.63	43.78	408,338
02/21/2017	43.87	44.26	43.6	44.04	538,969
02/17/2017	43.62	43.87	43.28	43.86	459,493
02/16/2017	44.16	44.35	43.25	43.69	505,139
02/15/2017	43.82	44.4875	43.71	44.3	425,190
02/14/2017	43.63	44.108	43.24	43.98	726,949
02/13/2017	44.21	44.44	43.99	44.02	499,328
02/10/2017	44.4	44.48	43.79	44.04	362,556
02/09/2017	43.47	44.315	43.47	44.19	692,963
02/08/2017	43.3	43.39	42.82	43.28	426,941
02/07/2017	43.31	43.77	43.21	43.4	646,149
02/06/2017	43.41	43.41	42.88	43.31	505,184
02/03/2017	43.09	43.76	43.02	43.62	585,771
02/02/2017	42.12	43.5	41.71	42.91	1,034,597
02/01/2017	42.41	42.52	41.84	42.46	841,299
01/31/2017	41.77	42.37	41.61	42.33	756,455
01/30/2017	42.5	42.5	41.61	42.06	442,879
01/27/2017	42.79	42.79	42.32	42.65	420,846
01/26/2017	43.2	43.33	42.55	42.8	578,810
01/25/2017	43.01	43.45	42.89	43.17	696,075
01/24/2017	42.8	42.95	42.02	42.75	471,100
01/23/2017	43	43.15	42.1553	42.5	514,700
01/20/2017	42.96	43.23	42.65	42.94	509,490
01/19/2017	43.09	43.26	42.72	43	636,235
01/18/2017	43.24	43.46	42.66	43.23	720,607
01/17/2017	44.24	44.25	43.01	43.19	957,035
01/13/2017	43.95	44.74	43.9	44.51	621,985
01/12/2017	43.46	43.84	42.75	43.8	775,771
01/11/2017	44.12	44.23	43.53	44.12	734,941
01/10/2017	43.26	44.1722	43.26	43.85	1,156,451
01/09/2017	42.54	43.615	42.19	43.4	1,321,164
01/06/2017	41.44	42.42	41.26	42.25	1,017,933
01/05/2017	41.73	41.97	41.17	41.51	849,680
01/04/2017	41.28	42.14	40.82	41.77	1,022,859
01/03/2017	41.01	41.51	40.71	41.35	1,049,684
12/30/2016	41.08	41.17	40.5	40.7	818,799
12/29/2016	41.2	41.3808	40.88	41.08	643,036
12/28/2016	42.31	42.5	41.22	41.3	695,176
12/27/2016	41.66	42.24	41.6	42.11	684,068
12/23/2016	41.61	41.8	41.27	41.6	659,195
12/22/2016	42.55	42.79	41.36	41.51	1,022,003
12/21/2016	43.2	43.24	42.16	42.39	759,262
12/20/2016	43.22	43.43	42.57	43.03	1,171,104
12/19/2016	42.7	43.47	42.43	42.92	923,672
12/16/2016	43.03	43.88	42.5209	42.7	1,892,980
12/15/2016	41.73	42.63	41.67	42.37	1,015,385
12/14/2016	41.75	42.17	41.31	41.5	1,326,806
12/13/2016	42	42.62	42	42.02	848,180
12/12/2016	42.51	42.59	41.74	42.01	823,925
12/09/2016	43.7	43.9981	42.54	42.77	798,421
12/08/2016	43.24	43.9	42.69	43.7	992,556
12/07/2016	43.4	43.48	42.711	43.12	932,092
12/06/2016	43.51	43.54	42.68	43.34	758,729
12/05/2016	42.64	43.7	42.64	43.14	1,381,666
12/02/2016	43.52	43.6637	42.15	43.04	2,023,923
12/01/2016	46.48	46.6	43.55	43.89	2,296,163
11/30/2016	47.75	47.95	46.25	46.48	1,224,994
11/29/2016	46.33	47.76	46.33	47.36	2,241,674
11/28/2016	46.38	46.98	46	46.34	1,894,813
11/25/2016	46.11	46.425	45.51	46.27	1,313,702
11/23/2016	44.33	46.7	43.51	46.29	5,045,672
11/22/2016	41.7	41.94	41.37	41.56	1,861,864
11/21/2016	42	42.1	41.55	41.77	1,382,263
11/18/2016	41.81	41.82	41.38	41.55	1,362,203
11/17/2016	40.77	41.975	40.695	41.9	1,050,837
11/16/2016	40.75	40.86	40.38	40.74	703,182
11/15/2016	39.98	40.96	39.98	40.82	1,309,481
11/14/2016	39.84	40.28	39.58	39.9	1,173,683
11/11/2016	39.26	39.8199	39.1	39.61	821,255
11/10/2016	39.98	40.39	39.01	39.34	1,050,906
11/09/2016	38.34	39.955	38.11	39.84	1,249,935
11/08/2016	38.84	38.97	38.27	38.86	844,762
11/07/2016	37.93	39.16	37.92	39.02	1,794,029
11/04/2016	37.49	37.95	37.34	37.54	1,094,125
11/03/2016	38.06	38.06	37.46	37.58	966,648
11/02/2016	38.27	38.67	37.93	38.07	1,161,438
11/01/2016	38.75	38.95	38.37	38.51	1,082,289
10/31/2016	37.93	38.86	37.72	38.85	1,246,418
10/28/2016	37.67	38.34	37.55	37.87	817,746
10/27/2016	38.25	38.25	37.67	37.75	1,080,209
10/26/2016	37.97	38.27	37.68	38.09	1,044,804
10/25/2016	39.01	39.04	38.09	38.19	845,630
10/24/2016	38.9	39.34	38.79	39.12	542,726
10/21/2016	38.88	38.99	38.52	38.81	697,771
10/20/2016	38.81	39.49	38.74	39.1	733,232
10/19/2016	38.69	39.13	38.5289	38.85	889,457
10/18/2016	38.29	38.81	38.19	38.45	666,070
10/17/2016	37.74	38.3	37.74	37.97	591,919
10/14/2016	38.19	38.77	37.79	37.88	1,092,940
10/13/2016	37.29	38.19	37.1	37.91	1,329,639
10/12/2016	37.04	38.0599	36.55	37.75	1,401,941
10/11/2016	39.01	39.072	37.47	37.87	2,051,110
10/10/2016	38.96	39.6297	38.8	38.99	661,814
10/07/2016	38.81	38.92	37.91	38.84	1,539,540
10/06/2016	40.29	40.29	38.84	39	2,810,935
10/05/2016	40.31	40.57	40.12	40.27	1,256,373
10/04/2016	40.87	41.16	40.04	40.31	1,317,845
10/03/2016	41.48	41.5	41	41.22	741,946
09/30/2016	41.69	41.774	40.9	41.28	1,164,982
09/29/2016	41.74	41.85	41.18	41.41	868,929
09/28/2016	41.65	41.88	41.28	41.68	631,060
09/27/2016	41.23	41.52	41.11	41.43	648,041
09/26/2016	41.37	41.52	41.13	41.23	640,212
09/23/2016	41.94	42.19	41.54	41.64	641,048
09/22/2016	42	42.24	41.64	42.06	854,379
09/21/2016	40.97	41.975	40.97	41.73	1,211,827
09/20/2016	40.32	41.03	40.21	40.89	946,370
09/19/2016	41.12	41.13	40.04	40.13	615,194
09/16/2016	40.5	41	40.35	40.95	1,389,930
09/15/2016	40.25	40.58	40.02	40.45	774,036
09/14/2016	39.64	40.3	39.55	40.24	886,939
09/13/2016	40.35	40.75	39.73	39.73	1,067,818
09/12/2016	39.99	40.855	39.67	40.8	801,127
09/09/2016	40.87	41.1	40.25	40.34	1,385,751
09/08/2016	40.93	41.48	40.73	41.25	1,285,934
09/07/2016	40.53	41.29	40.53	40.94	1,268,087
09/06/2016	40.5	40.865	40.32	40.65	1,112,650
09/02/2016	40.22	40.77	39.85	40.74	1,900,638
09/01/2016	41.36	41.421	40.03	40.23	2,160,568
08/31/2016	40.99	42.58	39.53	40.92	12,247,720
08/30/2016	38.7	38.74	37.36	37.64	3,304,032
08/29/2016	38.89	39.09	38.6	38.67	1,499,158
08/26/2016	38.89	39.06	38.55	38.81	1,016,091
08/25/2016	38.88	38.98	38.47	38.87	1,220,474
08/24/2016	39.59	39.82	38.71	38.81	964,021
08/23/2016	39.55	39.9299	39.49	39.71	1,951,942
08/22/2016	39.64	39.81	38.96	39.4	980,749
08/19/2016	39.52	39.75	39.33	39.65	459,906
08/18/2016	39.2	39.82	39.03	39.72	714,231
08/17/2016	39.1	39.17	38.63	39.14	734,516
08/16/2016	39.73	39.828	38.85	38.93	913,298
08/15/2016	39.52	39.88	39.39	39.63	1,249,179
08/12/2016	38.99	39.43	38.81	39.35	905,698
08/11/2016	38.57	38.99	38.4999	38.86	588,791
08/10/2016	38.44	38.58	38.2	38.51	569,991
08/09/2016	38.5	38.56	38.15	38.46	617,357
08/08/2016	38.33	38.509	38.01	38.29	805,506
08/05/2016	37.32	38.24	37.32	38.15	840,770
08/04/2016	37.65	37.869	37.26	37.31	822,973
08/03/2016	37.22	37.71	36.85	37.63	1,098,672
08/02/2016	38.23	38.43	36.81	37.34	1,596,212
08/01/2016	38.41	38.71	38.03	38.27	1,350,146
07/29/2016	37.81	38.21	37.59	37.99	1,245,024
07/28/2016	37.4	37.82	37.24	37.73	1,047,093
07/27/2016	37.35	37.42	36.98	37.25	809,508
07/26/2016	36.87	37.43	36.67	37.34	1,194,133
07/25/2016	36.96	37.1099	36.66	36.98	856,157
07/22/2016	36.2	36.96	36.055	36.91	920,156
07/21/2016	36.44	37.14	36.1	36.25	899,808
07/20/2016	36.21	36.76	36.18	36.47	974,883
07/19/2016	36.61	36.6899	35.92	36.13	849,400
07/18/2016	36.53	36.93	36.37	36.74	637,296
07/15/2016	36.21	36.58	36.08	36.35	771,626
07/14/2016	36.55	36.89	36.17	36.2	753,362
07/13/2016	37.19	37.24	36.21	36.33	1,140,439
07/12/2016	37.27	37.505	36.84	37.1	1,634,653
07/11/2016	37.73	37.917	36.88	36.92	2,107,538
07/08/2016	36.9	37.41	36.63	37.37	2,519,152
07/07/2016	35.21	36.79	35.21	36.57	3,464,688
07/06/2016	34.15	34.99	34.09	34.88	2,140,374
07/05/2016	34.2	34.35	33.86	34.24	866,470
07/01/2016	34.07	34.55	34.06	34.29	1,000,176
06/30/2016	34.2	34.27	33.59	34.12	1,119,908
06/29/2016	33.39	34.29	33.09	34.02	1,711,183
06/28/2016	33.4	33.56	32.947	33.01	1,466,867
06/27/2016	33.84	33.895	32.61	32.96	2,440,427
06/24/2016	33.92	34.48	33.59	34.3	3,777,876
06/23/2016	34.2	35.01	33.91	35.01	1,327,570
06/22/2016	34.07	34.36	33.72	33.86	777,192
06/21/2016	34.44	34.5499	33.69	34.04	1,087,185
06/20/2016	34.29	34.73	33.82	34.29	989,865
06/17/2016	34.01	34.48	33.57	33.64	1,617,351
06/16/2016	34.2	34.274	33.55	34.13	943,508
06/15/2016	34.15	34.68	33.91	34.34	1,952,035
06/14/2016	33.86	34.21	33.8	33.97	1,653,939
06/13/2016	33.95	34.51	33.79	34.15	1,700,296
06/10/2016	34.78	34.875	34.03	34.05	1,438,924
06/09/2016	35.06	35.69	34.92	35.03	1,495,148
06/08/2016	35.11	35.24	34.67	35.14	2,131,948
06/07/2016	35.1	35.46	34.7	35.29	1,917,775
06/06/2016	34.9	35.13	34.52	35.07	1,973,409
06/03/2016	34.42	34.91	33.86	34.91	1,480,728
06/02/2016	33.63	34.64	33.62	34.6	2,533,024
06/01/2016	32.9	33.78	32.61	33.62	3,443,702
05/31/2016	32.22	32.96	32.17	32.95	3,484,293
05/27/2016	32.58	33.15	30.34	32.18	10,413,460
05/26/2016	29.95	30	29.48	29.76	1,558,991
05/25/2016	29.81	29.9	29.48	29.89	1,321,861
05/24/2016	29.6	29.915	29.48	29.6	1,332,397
05/23/2016	28.88	29.72	28.76	29.5	1,381,636
05/20/2016	28.34	28.99	28.14	28.94	1,424,751
05/19/2016	28.15	28.95	27.67	28.06	1,251,984
05/18/2016	27.8	28.56	27.62	28.39	699,542
05/17/2016	27.84	28.31	27.62	27.82	1,303,705
05/16/2016	27.47	27.91	27.26	27.89	698,657
05/13/2016	27.39	27.59	27.19	27.35	583,923
05/12/2016	27.59	27.64	27.07	27.39	1,185,786
05/11/2016	27.13	27.57	27.07	27.43	597,222
05/10/2016	27.16	27.26	26.85	27.24	327,889
05/09/2016	27.02	27.32	26.89	27.16	304,059
05/06/2016	26.55	27.14	26.53	27	808,913
05/05/2016	27.12	27.19	26.65	26.71	701,045
05/04/2016	27.26	27.34	26.55	27.01	1,133,845
05/03/2016	27.58	27.58	27.13	27.34	858,854
05/02/2016	27.54	27.89	27.27	27.82	755,115
04/29/2016	27.4	27.54	27.22	27.51	1,210,002
04/28/2016	27.61	27.95	27.36	27.46	1,338,546
04/27/2016	27.01	27.68	27.01	27.65	774,248
04/26/2016	27.02	27.1738	26.74	27.02	621,642
04/25/2016	27.04	27.2044	26.81	27.03	887,376
04/22/2016	26.63	27.26	26.6201	27.1	1,100,147
04/21/2016	26.1	26.84	26.1	26.66	1,412,129
04/20/2016	25.74	26.09	25.71	26.05	1,098,841
04/19/2016	25.75	25.84	25.41	25.73	1,149,868
04/18/2016	25.5	25.71	25.4	25.7	1,089,874
04/15/2016	26.04	26.04	25.25	25.77	1,659,390
04/14/2016	26.37	26.38	26.04	26.16	659,435
04/13/2016	25.73	26.51	25.6088	26.39	624,239
04/12/2016	25.41	25.776	25.32	25.49	803,663
04/11/2016	25.59	25.9	25.33	25.44	794,248
04/08/2016	26.18	26.22	25.26	25.51	587,423
04/07/2016	26.05	26.167	25.75	25.99	818,261
04/06/2016	25.51	26.355	25.5	26.17	940,172
04/05/2016	25.08	25.48	25.02	25.44	1,991,294
04/04/2016	25.04	25.55	25.03	25.31	1,053,203
04/01/2016	24.85	25.14	24.6	24.96	1,105,245
03/31/2016	24.99	25.17	24.72	25.04	1,525,846
03/30/2016	25	25.37	24.61	24.94	1,204,540
03/29/2016	24.18	24.85	23.88	24.84	1,190,668
03/28/2016	24.78	24.886	23.93	24.19	1,306,611
03/24/2016	24.41	24.71	24.071	24.71	872,865
03/23/2016	25.69	25.69	24.49	24.55	868,658
03/22/2016	25.38	25.85	25.24	25.69	752,248
03/21/2016	25.74	25.94	25.42	25.54	769,502
03/18/2016	25.38	25.88	25.17	25.84	1,107,275
03/17/2016	25.36	25.485	24.69	25.31	644,097
03/16/2016	25.24	25.69	24.9	25.33	955,644
03/15/2016	26.39	26.39	25.14	25.27	1,004,149
03/14/2016	26.6	26.77	26	26.64	702,782
03/11/2016	26.33	26.86	26	26.73	1,056,894
03/10/2016	26.75	26.801	26	26.11	1,211,800
03/09/2016	26.77	27.03	26.61	26.9	575,848
03/08/2016	27.16	27.36	26.57	26.63	771,606
03/07/2016	26.5	27.5725	26.34	27.34	1,148,855
03/04/2016	25.8	27.36	25.49	26.74	1,777,683
03/03/2016	25.84	25.84	25.38	25.7	927,164
03/02/2016	24.33	26.46	24.095	25.76	1,702,999
03/01/2016	24.43	25.18	24.28	25.08	1,835,305
02/29/2016	23.39	24.37	23.37	24.29	1,469,239
02/26/2016	23.2	23.55	23.005	23.36	813,110
02/25/2016	22.98	23.45	22.61	22.97	732,600
02/24/2016	22.21	22.71	21.6	22.64	815,236
02/23/2016	22.53	22.63	22.08	22.29	901,164
02/22/2016	22.31	22.7813	22.15	22.62	863,573
02/19/2016	21.97	22.4	21.61	22.13	988,431
02/18/2016	22.68	22.7576	21.77	22.12	757,429
02/17/2016	21.8	22.74	21.8	22.64	769,073
02/16/2016	21.11	21.8	20.93	21.67	873,725
02/12/2016	20.85	21.07	20.41	20.82	581,885
02/11/2016	20.42	20.9	19.97	20.61	1,566,327
02/10/2016	21.15	21.74	20.74	20.84	1,525,830
02/09/2016	20.67	22.205	20.54	21.1	1,644,015
02/08/2016	21.46	21.69	20.195	21.11	2,272,259
02/05/2016	24.16	24.2	22.05	22.45	3,617,516
02/04/2016	23.45	24.39	23.26	24.25	953,001
02/03/2016	23.57	23.69	22.94	23.5	1,094,075
02/02/2016	24.05	24.13	23.24	23.33	1,332,966
02/01/2016	23.8	24.7	23.52	24.35	1,321,322
01/29/2016	23.05	24.11	23.04	24.1	1,216,888
01/28/2016	23.98	24	22.87	23.06	1,119,669
01/27/2016	24.3	24.405	23.72	23.94	688,351
01/26/2016	24.53	24.53	23.65	24.3	1,262,553
01/25/2016	25.19	25.325	24.42	24.45	937,800
01/22/2016	25.08	26	24.935	25.41	1,031,637
01/21/2016	24.13	25.02	23.96	24.72	1,893,148
01/20/2016	23.56	24.55	22.77	24.17	1,464,874
01/19/2016	24.66	25.19	23.74	24.01	1,211,912
01/15/2016	24.26	24.6	23.4	24.43	1,401,646
01/14/2016	24.45	25.15	23.43	24.97	1,438,187
01/13/2016	25.46	26.1	24.33	24.34	1,038,158
01/12/2016	25.57	25.88	24.935	25.36	884,009
01/11/2016	25.93	26.0999	24.87	25.23	1,182,012
01/08/2016	26.43	26.5399	25.57	25.63	890,298
01/07/2016	27.6	27.63	26.15	26.29	1,511,524
01/06/2016	28.64	28.93	27.77	28.1	4,811,817
01/05/2016	28.79	29.25	28.7	28.99	1,588,797
01/04/2016	28.37	29.0081	28.2501	28.69	1,418,335
12/31/2015	28.8	29.02	28.6601	28.85	432,103
12/30/2015	29.01	29.07	28.76	28.95	585,776
12/29/2015	28.84	29	28.72	28.94	447,207
12/28/2015	28.78	28.98	28.58	28.73	478,890
12/24/2015	28.9	29.1	28.83	28.89	307,217
12/23/2015	28.23	29.13	28.23	28.99	1,285,344
12/22/2015	28.05	28.285	27.63	28.12	656,697
12/21/2015	28	28.11	27.42	28.02	730,357
12/18/2015	27.75	28.22	27.61	27.86	1,701,823
12/17/2015	28.32	28.38	27.88	27.88	941,358
12/16/2015	27.61	28.4	27.56	28.25	1,356,244
12/15/2015	26.84	27.44	26.53	27.38	1,332,286
12/14/2015	26.35	26.9	26.33	26.72	1,360,465
12/11/2015	26.62	26.64	26.06	26.26	876,903
12/10/2015	26.66	27.01	26.3844	26.9	555,145
12/09/2015	27	27.28	26.65	26.69	398,915
12/08/2015	26.99	27.27	26.77	27.13	598,510
12/07/2015	27.5	27.51	26.991	27.24	534,917
12/04/2015	27.26	27.55	26.93	27.5	1,043,363
12/03/2015	28.37	28.435	27.06	27.24	674,261
12/02/2015	27.7	28.4	27.44	28.24	1,662,762
12/01/2015	28.25	28.35	27.12	27.76	2,628,572
11/30/2015	29.03	29.34	28.77	28.86	1,640,134
11/27/2015	28.72	28.98	28.34	28.79	664,760
11/25/2015	27.84	29.22	27.05	28.73	3,798,081
11/24/2015	27.15	27.44	26.97	27.36	1,269,764
11/23/2015	27.27	27.32	26.58	27.22	1,207,958
11/20/2015	27.35	27.5	27.1	27.28	525,709
11/19/2015	27.62	27.68	27.1	27.26	732,849
11/18/2015	27.46	27.65	27.14	27.62	837,125
11/17/2015	27	27.52	26.7925	27.46	696,108
11/16/2015	26.54	27.02	26.42	27	611,612
11/13/2015	26.51	26.85	26.14	26.58	443,518
11/12/2015	26.34	26.96	26.15	26.55	383,191
11/11/2015	26.78	26.97	26.54	26.63	381,110
11/10/2015	26.91	26.91	26.39	26.76	689,489
11/09/2015	27.06	27.1998	26.69	27.05	638,859
11/06/2015	26.24	27.18	26.11	27.12	955,066
11/05/2015	26.3	26.61	26.05	26.25	443,348
11/04/2015	26.32	26.6	26.0501	26.35	736,732
11/03/2015	25.67	26.4	25.63	26.27	913,021
11/02/2015	25.42	26.01	25.35	25.77	857,155
10/30/2015	25.17	25.54	24.99	25.37	729,905
10/29/2015	25.9	26.35	25.28	25.31	691,516
10/28/2015	25.23	25.98	24.96	25.98	722,916
10/27/2015	25.14	25.54	24.87	25.19	571,908
10/26/2015	25.24	25.46	24.9	25.21	341,572
10/23/2015	24.63	25.5	24.39	25.28	599,395
10/22/2015	24.92	24.96	23.97	24.38	953,010
10/21/2015	25.8	26	24.71	24.93	606,493
10/20/2015	26.01	26.01	25.52	25.75	559,076
10/19/2015	25.81	26.4	25.59	26.06	474,814
10/16/2015	25.62	25.91	25.28	25.91	504,097
10/15/2015	24.62	25.53	24.5301	25.51	570,254
10/14/2015	24.69	25.12	24.5644	24.61	894,310
10/13/2015	25.14	25.453	24.59	24.69	1,029,369
10/12/2015	25.72	25.876	25.02	25.38	730,942
10/09/2015	25.25	25.85	24.98	25.78	675,118
10/08/2015	25.08	25.31	24.61	25.22	894,179
10/07/2015	24.64	25.19	24.45	25.08	897,176
10/06/2015	24.31	24.57	23.8	24.53	1,043,060
10/05/2015	24.22	24.695	23.6264	24.36	2,866,199
10/02/2015	23	24.2	22.87	24.2	1,117,773
10/01/2015	23.22	23.69	22.89	23.4	1,370,510
09/30/2015	23.07	23.44	22.54	23.41	1,333,218
09/29/2015	23.25	23.4	22.4796	22.83	963,555
09/28/2015	24.06	24.24	23.17	23.25	1,151,918
09/25/2015	24.62	24.83	23.93	24.18	1,163,473
09/24/2015	24.92	24.96	24.285	24.6	711,241
09/23/2015	25.8	25.955	24.83	25.09	1,049,620
09/22/2015	26.19	26.39	25.49	25.81	450,705
09/21/2015	26.66	26.8	26.17	26.53	1,387,387
09/18/2015	26.11	26.8	26.11	26.51	2,779,431
09/17/2015	26.44	26.89	26.18	26.51	557,642
09/16/2015	26.1	26.43	25.78	26.36	553,944
09/15/2015	25.61	26.235	25.12	26.11	761,102
09/14/2015	25.16	25.75	25.16	25.61	537,274
09/11/2015	25.37	25.62	25.1	25.55	409,779
09/10/2015	25.22	25.9	25.196	25.48	621,319
09/09/2015	25.65	25.65	25.13	25.25	806,742
09/08/2015	25.49	25.69	24.93	25.47	810,577
09/04/2015	24.48	24.98	24.47	24.76	949,849
09/03/2015	24.83	25.38	24.52	24.61	497,532
09/02/2015	25	25.22	24.28	24.75	758,688
09/01/2015	25.12	25.43	24.58	24.69	1,243,500
08/31/2015	26.29	26.29	25.6	25.9	1,554,377
08/28/2015	24.08	26.75	24	26.44	2,815,724
08/27/2015	23.8	24.71	23.8	24.16	1,442,236
08/26/2015	23.58	23.94	23.18	23.51	1,158,324
08/25/2015	23.83	24.28	23.04	23.09	1,253,987
08/24/2015	22.37	24.33	22.11	23.37	1,491,267
08/21/2015	24.18	24.71	23.94	24.25	1,265,332
08/20/2015	24.92	25.03	24.41	24.49	730,971
08/19/2015	25.3	25.79	25.2	25.3	810,138
08/18/2015	25.54	25.69	25.23	25.35	448,349
08/17/2015	25.14	25.81	25.04	25.49	485,776
08/14/2015	25.06	25.35	24.91	25.23	536,008
08/13/2015	25.23	25.51	24.94	25.16	454,910
08/12/2015	25.28	25.39	24.79	25.17	663,880
08/11/2015	25.84	26.01	25.33	25.52	351,570
08/10/2015	25.63	26.13	25.61	26.07	483,084
08/07/2015	25.51	25.82	25.18	25.63	640,635
08/06/2015	26.41	26.44	25.19	25.45	746,219
08/05/2015	26.13	26.66	26.116	26.41	801,601
08/04/2015	26.29	26.46	25.95	26.07	604,152
08/03/2015	26.85	26.87	26.03	26.29	679,086
07/31/2015	26.74	27.26	26.59	26.92	681,330
07/30/2015	26.93	26.93	26.61	26.7	514,533
07/29/2015	27.12	27.32	26.74	27.03	582,499
07/28/2015	27.01	27.14	26.59	27.1	674,186
07/27/2015	27.22	27.34	26.81	26.93	762,192
07/24/2015	27.59	28.045	27.45	27.54	660,645
07/23/2015	27.45	27.99	27.33	27.71	730,279
07/22/2015	27.34	27.67	27.18	27.29	702,991
07/21/2015	27.76	27.85	27.01	27.51	1,010,723
07/20/2015	28.25	28.3352	27.81	27.85	1,257,534
07/17/2015	28.75	28.75	28	28.24	671,292
07/16/2015	28.95	28.98	28.41	28.78	514,833
07/15/2015	29	29.19	28.68	28.75	723,620
07/14/2015	28.35	28.96	28.21	28.92	884,305
07/13/2015	28.3	28.35	27.78	28.32	1,312,743
07/10/2015	28.28	28.34	27.99	28.1	737,197
07/09/2015	28.03	28.17	27.93	27.99	875,153
07/08/2015	28.15	28.33	27.71	27.85	972,239
07/07/2015	27.66	28.649	27.66	28.38	2,072,021
07/06/2015	27.93	28.44	27.73	27.92	2,647,646
07/02/2015	28.35	28.85	27.98	28.09	1,039,368
07/01/2015	28.15	28.315	27.85	28.26	922,104
06/30/2015	28.1	28.11	27.4003	28.03	1,607,130
06/29/2015	27.95	28.32	27.8	28	1,069,481
06/26/2015	28.23	28.92	27.98	28.5	3,192,346
06/25/2015	28.01	28.25	27.8999	28.15	900,902
06/24/2015	28.35	28.3599	27.76	27.94	1,127,568
06/23/2015	27.22	28.47	27.05	28.33	1,955,236
06/22/2015	27.01	27.35	26.73	27.33	823,742
06/19/2015	27.23	27.32	26.84	26.86	1,038,913
06/18/2015	27.29	27.59	27.043	27.3	815,963
06/17/2015	26.62	27.29	26.52	27.14	1,133,104
06/16/2015	26.84	27.01	26.63	26.69	947,718
06/15/2015	26.3	27.35	26.24	27.07	788,112
06/12/2015	27.2	27.55	26.58	26.61	1,070,182
06/11/2015	26.49	27.3697	26.41	27.26	965,887
06/10/2015	26.39	26.615	26.15	26.41	962,950
06/09/2015	27.03	27.03	26.25	26.31	752,896
06/08/2015	27.6	27.83	26.64	26.99	678,705
06/05/2015	27.38	27.74	26.84	27.62	763,304
06/04/2015	27.56	27.92	27.31	27.44	1,035,287
06/03/2015	27.07	27.78	26.9	27.73	1,140,880
06/02/2015	26.37	27.28	26.25	26.97	1,176,233
06/01/2015	27.33	27.33	26.015	26.42	2,662,253
05/29/2015	27.03	28	26.48	27.12	5,001,196
05/28/2015	27.91	29.09	27.47	29	2,810,200
05/27/2015	28.38	28.75	27.7	27.79	1,258,515
05/26/2015	27.86	28.89	27.83	28.57	1,052,554
05/22/2015	27.95	28.27	27.76	27.9	611,438
05/21/2015	27.83	28	27.55	27.94	715,291
05/20/2015	27.49	27.93	27.31	27.76	465,248
05/19/2015	28	28	27.35	27.39	664,172
05/18/2015	27.07	27.99	27.07	27.97	975,864
05/15/2015	27.38	27.47	27.05	27.2	351,780
05/14/2015	27.2	27.51	26.87	27.51	483,914
05/13/2015	27.08	27.25	26.8	26.91	465,777
05/12/2015	27.16	27.34	26.6	27.04	489,745
05/11/2015	27.21	27.78	27.21	27.53	492,593
05/08/2015	27.08	27.5	27.08	27.23	439,362
05/07/2015	27.15	27.16	26.79	27	429,406
05/06/2015	26.58	27.18	26.58	27.13	781,939
05/05/2015	27.09	27.35	26.41	26.46	711,010
05/04/2015	27.09	27.63	27.08	27.27	480,742
05/01/2015	26.55	27.2	26.55	26.99	501,707
04/30/2015	27.06	27.22	26.4	26.55	763,145
04/29/2015	27.03	27.5599	26.53	27.14	650,216
04/28/2015	26.63	27.37	26.44	27.26	895,393
04/27/2015	27.13	27.73	26.66	26.79	552,311
04/24/2015	27.4	27.63	27.07	27.17	726,901
04/23/2015	27	27.53	26.89	27.41	827,512
04/22/2015	26.89	27.24	26.54	27.12	598,659
04/21/2015	26.92	27.0531	26.46	26.84	660,209
04/20/2015	26.42	26.89	26.25	26.75	480,849
04/17/2015	26.84	26.86	26.21	26.42	808,507
04/16/2015	26.92	27.27	26.865	27.18	500,052
04/15/2015	26.29	27.175	26.2	27.02	1,028,105
04/14/2015	26.49	26.5	25.51	26.21	699,378
04/13/2015	26.53	27.06	26.39	26.58	972,169
04/10/2015	26.68	26.85	26.5	26.69	585,659
04/09/2015	26.47	26.74	26.3	26.64	1,199,654
04/08/2015	26.05	26.83	25.86	26.54	1,025,468
04/07/2015	25.67	26.38	25.29	26.07	1,251,552
04/06/2015	25.05	25.74	24.77	25.68	1,069,655
04/02/2015	24.89	25.2	24.39	25.15	1,385,813
04/01/2015	25.52	25.87	24.6	25	961,396
03/31/2015	25.23	25.74	24.94	25.53	769,795
03/30/2015	25.7	25.7	25.04	25.44	547,889
03/27/2015	25.24	25.63	25.01	25.46	572,811
03/26/2015	25.55	25.88	25.21	25.35	864,748
03/25/2015	27.23	27.28	25.55	25.7	1,300,266
03/24/2015	26.37	27.29	26.08	27.24	960,658
03/23/2015	27.27	27.31	26.21	26.37	1,286,050
03/20/2015	27.8	28	27.25	27.28	1,772,787
03/19/2015	27.89	28.05	27.2676	27.93	1,159,953
03/18/2015	27.52	27.78	27	27.48	1,491,654
03/17/2015	25.9	28	25.69	27.73	3,464,096
03/16/2015	24.96	25.095	24.73	24.93	765,513
03/13/2015	24.96	25.4	24.752	24.86	965,706
03/12/2015	24.39	25.44	24.28	24.96	1,269,181
03/11/2015	24.25	24.48	23.87	24.4	1,170,225
03/10/2015	24.52	24.7	23.82	24.26	2,010,421
03/09/2015	24.56	24.98	24.421	24.81	2,318,463
03/06/2015	24.71	25.25	24.42	24.63	3,501,677
03/05/2015	25.9	25.9	24.7101	24.73	5,816,288
03/04/2015	27.7	27.75	24.421	25.72	19,395,410
03/03/2015	30.89	33.1	30.76	32.69	3,962,217
03/02/2015	30.87	31.35	30.62	30.99	877,951
02/27/2015	31.46	31.54	30.515	30.87	554,673
02/26/2015	30.75	31.6399	30.34	31.46	1,118,283
02/25/2015	29.88	30.58	29.87	30.3	478,104
02/24/2015	30	30.1	29.59	29.93	959,706
02/23/2015	30.49	30.5499	29.06	29.99	1,166,719
02/20/2015	30.93	31.0448	30.52	30.58	544,311
02/19/2015	31.19	31.55	30.54	30.85	874,311
02/18/2015	30.28	31.779	30.04	31	2,532,762
02/17/2015	30.12	30.2491	29.6	29.9	565,647
02/13/2015	30.11	30.5	29.81	30.12	812,596
02/12/2015	30	30.17	29.6101	29.95	499,669
02/11/2015	30.06	30.35	29.87	29.91	567,050
02/10/2015	29.9	30.47	29.9	30.05	649,569
02/09/2015	30.15	30.48	29.67	29.8	729,612
02/06/2015	30	30.4	29.5	30.16	705,466
02/05/2015	30.48	30.97	29.43	30.08	915,039
02/04/2015	29.45	30.38	29.32	30	759,123
02/03/2015	28.54	29.57	28.25	29.47	475,560
02/02/2015	28.75	28.84	28.12	28.55	485,929
01/30/2015	28.92	29.47	28.61	28.76	463,260
01/29/2015	28.97	29.22	28.35	29.13	415,726
01/28/2015	29.62	30.25	28.79	28.98	527,033
01/27/2015	29.49	29.67	28.92	29.37	425,199
01/26/2015	29.35	30.5	29.33	29.84	960,712
01/23/2015	28.52	29.39	28.52	29.3	464,865
01/22/2015	28.75	28.8	28.15	28.51	509,179
01/21/2015	28	28.59	27.91	28.48	683,729
01/20/2015	28.25	28.412	27.3001	28	499,633
01/16/2015	28.02	28.69	27.76	28.07	944,206
01/15/2015	28.52	28.7	27.75	28.09	816,291
01/14/2015	28.72	28.93	28.18	28.72	625,199
01/13/2015	29.4	29.54	28.18	29.09	1,186,171
01/12/2015	28.92	29.22	28.56	29.12	768,638
01/09/2015	28.79	28.9	28.14	28.79	764,555
01/08/2015	28.52	29.17	27.59	28.39	1,304,100
01/07/2015	27.37	27.68	26.58	27.17	813,198
01/06/2015	26.24	27.35	26.06	27.12	947,244
01/05/2015	25.96	26.78	25.9	26.23	638,674
01/02/2015	26.61	26.6799	25.91	26.23	688,532
12/31/2014	26.13	26.58	26	26.41	828,972
12/30/2014	26.69	26.81	25.84	26.14	762,009
12/29/2014	26.88	27.1	26.48	26.7	644,095
12/26/2014	26.89	27.16	26.3899	26.78	687,821
12/24/2014	26.74	27.07	26.71	26.88	373,815
12/23/2014	27.79	27.83	26.31	26.63	1,073,547
12/22/2014	27.64	27.99	27.16	27.7	657,142
12/19/2014	28.28	29.17	27.68	27.69	1,892,118
12/18/2014	27.16	28.03	26.92	28.02	1,102,397
12/17/2014	26.3	26.93	25.52	26.86	1,385,834
12/16/2014	26.71	26.98	26	26.18	1,330,996
12/15/2014	28.66	28.98	26.4	26.82	1,970,612
12/12/2014	28.5	29.1799	28.413	28.59	644,085
12/11/2014	28.97	30.12	28.65	28.68	980,414
12/10/2014	30.52	30.976	28.76	28.88	852,766
12/09/2014	30.14	31	29.63	30.73	759,563
12/08/2014	30.92	31.38	30.42	30.54	618,888
12/05/2014	31.52	31.64	30.77	30.97	1,813,909
12/04/2014	30.68	31.6	30.3804	31.52	2,632,927
12/03/2014	31	31.0499	29.8	30.25	1,932,017
12/02/2014	31.03	31.51	30.38	31.42	1,003,200
12/01/2014	32.7	32.8	30.77	31.16	1,821,136
11/28/2014	33.03	33.66	31.83	32.85	1,252,393
11/26/2014	31.47	32.54	30.06	32.38	4,607,955
11/25/2014	28.85	29.4	28.31	28.84	1,463,374
11/24/2014	28.26	28.77	28.0101	28.7	620,026
11/21/2014	28.24	28.43	27.91	28	497,188
11/20/2014	27.42	28.19	27.16	27.83	375,667
11/19/2014	28.25	28.33	27.245	27.35	675,433
11/18/2014	27.62	28.62	27.62	28.21	799,171
11/17/2014	27.8	28	27.23	27.57	591,787
11/14/2014	28.25	28.35	27.64	28	578,854
11/13/2014	28.86	28.97	28.04	28.38	376,466
11/12/2014	28.5	29.2761	28.5	28.78	369,070
11/11/2014	28.65	28.95	28.3	28.55	380,460
11/10/2014	28.43	29.05	28.33	28.67	446,720
11/07/2014	27.89	28.79	27.61	28.43	534,349
11/06/2014	27.84	28	27.41	27.74	493,612
11/05/2014	28.51	28.7765	27.91	28.06	508,317
11/04/2014	28.45	28.66	28.13	28.37	589,868
11/03/2014	29.78	29.9	28.62	28.71	813,634
10/31/2014	29.8	30.6781	29.51	29.78	1,519,790
10/30/2014	28.21	28.85	27.81	28.79	366,727
10/29/2014	28.95	28.96	28.02	28.21	332,225
10/28/2014	28.87	29.38	28.15	28.95	592,750
10/27/2014	27.72	28.92	27.3	28.83	486,246
10/24/2014	28	28.09	27.44	28.02	361,127
10/23/2014	27.99	28.54	27.8	27.99	423,506
10/22/2014	28.55	28.7	27.36	27.75	454,115
10/21/2014	28.46	28.65	28.23	28.53	698,836
10/20/2014	28.1	28.83	27.9	28.31	899,190
10/17/2014	28.16	28.29	27.24	28.1	1,753,232
10/16/2014	26.1	28	25.98	27.82	994,832
10/15/2014	25	26.9	24.75	26.6	793,981
10/14/2014	25.37	26.37	25.18	25.77	721,417
10/13/2014	25.37	26.14	24.91	25.45	784,928
10/10/2014	25.45	25.97	24.4611	25.35	932,618
10/09/2014	26.32	26.41	25.157	25.47	807,451
10/08/2014	25.86	26.54	25.54	26	751,849
10/07/2014	26.27	26.5	25.56	25.72	542,378
10/06/2014	27.61	27.82	26.3	26.36	619,829
10/03/2014	27.42	27.62	26.68	27.47	1,086,248
10/02/2014	27.1	27.41	25.73	27.05	1,968,804
10/01/2014	28.13	28.17	27.03	27.42	971,581
09/30/2014	28.89	29.23	28.05	28.17	756,072
09/29/2014	28.53	29.09	28.5	28.89	938,451
09/26/2014	28.56	28.99	28.07	28.74	632,792
09/25/2014	29.22	29.48	28.22	28.64	834,459
09/24/2014	29.2	29.48	28.52	28.83	829,488
09/23/2014	28.94	29.63	28.78	29.19	1,131,442
09/22/2014	29	29.31	28.19	29.05	1,388,785
09/19/2014	29.63	29.83	28.67	28.98	1,463,010
09/18/2014	29.69	29.94	29.16	29.34	762,194
09/17/2014	29.59	29.92	28.96	29.18	710,839
09/16/2014	29.57	30	28.91	29.61	1,198,794
09/15/2014	31.25	31.57	30.04	30.23	1,341,690
09/12/2014	31.16	31.68	30.65	31.56	1,226,576
09/11/2014	30.43	31.4978	30.28	31.16	1,305,656
09/10/2014	29.54	30.82	29.17	30.71	1,365,323
09/09/2014	29.96	30.05	29.31	29.5	990,301
09/08/2014	29.63	30.18	29.56	29.85	1,241,270
09/05/2014	30.39	30.67	28.72	29.73	1,416,874
09/04/2014	29.07	31.655	29.022	30.16	2,498,405
09/03/2014	29.5	29.57	28.41	28.85	1,657,671
09/02/2014	29.52	29.89	28.37	29.46	2,833,606
08/29/2014	27.04	30	27.03	29.97	7,550,351
08/28/2014	25.19	25.23	24.5	24.96	1,558,385
08/27/2014	24.93	25.54	24.8701	25.21	1,052,896
08/26/2014	24.72	25.16	24.27	24.94	740,469
08/25/2014	24.47	24.8	24.12	24.6	786,371
08/22/2014	22.61	24.48	22.35	24.42	1,229,555
08/21/2014	21.94	22.73	21.67	22.65	950,623
08/20/2014	21.91	22.1	21.57	21.92	665,654
08/19/2014	22.55	22.81	21.89	22.13	670,158
08/18/2014	22.26	22.615	22.22	22.58	348,782
08/15/2014	22.85	22.89	21.84	22.07	613,162
08/14/2014	22.78	23.04	22.58	22.86	405,950
08/13/2014	22.85	23	22.65	22.85	402,478
08/12/2014	22.9	23.07	22.58	22.84	364,840
08/11/2014	22.23	23.2	22.19	22.98	760,779
08/08/2014	22.45	22.59	22.18	22.18	445,269
08/07/2014	22.75	22.9	22.585	22.59	436,198
08/06/2014	23	23.3	22.63	22.65	977,678
08/05/2014	23.12	23.59	22.71	23.34	611,681
08/04/2014	22.25	23.32	22.04	23.23	471,599
08/01/2014	23.52	23.68	22.21	22.5	612,414
07/31/2014	23.72	23.93	23.45	23.8	443,153
07/30/2014	23.71	24.63	23.706	24.1	579,512
07/29/2014	23.64	23.97	23.42	23.69	214,507
07/28/2014	23.6	23.84	23.18	23.57	319,051
07/25/2014	24.23	24.28	23.57	23.59	511,015
07/24/2014	23.74	24.5	23.66	24.38	321,973
07/23/2014	24.33	24.5	23.65	23.72	395,174
07/22/2014	24.92	25.01	24.27	24.37	460,181
07/21/2014	24.42	24.92	24.08	24.74	511,774
07/18/2014	23.92	24.58	23.73	24.52	785,590
07/17/2014	23.78	24.31	23.58	23.74	880,951
07/16/2014	23.5	24.06	23.32	23.97	1,112,795
07/15/2014	24.18	24.39	23.33	23.38	1,262,699
07/14/2014	24.4	25.08	24.2	24.61	683,491
07/11/2014	24.22	24.57	23.89	24.41	475,874
07/10/2014	23.35	24.43	23.31	24.33	906,178
07/09/2014	24.37	24.38	23.72	24.01	1,002,821
07/08/2014	24.85	24.87	23.27	24.3	2,093,819
07/07/2014	24.76	25.14	24.54	24.87	746,667
07/03/2014	25.5	25.5	24.81	24.96	728,202
07/02/2014	26.13	26.34	25.14	25.23	1,493,567
07/01/2014	25.73	26.26	25.28	26.21	1,628,447
06/30/2014	24.8	25.67	24.7	25.45	1,107,440
06/27/2014	24.2	25	24.085	24.83	1,922,159
06/26/2014	24.3	24.34	22.97	24.21	2,043,092
06/25/2014	23.53	24.8802	23.29	24.31	2,113,920
06/24/2014	24.55	25.24	24.4	24.78	1,884,648
06/23/2014	24.74	24.88	24.25	24.52	1,311,271
06/20/2014	24.66	24.9	24.37	24.75	1,527,015
06/19/2014	24.79	24.9899	24.485	24.82	993,491
06/18/2014	24.5	25	24.215	24.9	1,494,822
06/17/2014	23.28	24.75	22.98	24.52	2,339,737
06/16/2014	20.83	23.88	20.79	23.72	2,726,111
06/13/2014	21.99	22.14	20.86	21.31	695,788
06/12/2014	21.7	22.04	21.46	22.03	496,930
06/11/2014	21.26	22.1	21.09	21.73	827,385
06/10/2014	21.31	21.45	21.04	21.36	397,922
06/09/2014	21.13	21.9	21.09	21.5	664,189
06/06/2014	20.56	21.45	20.37	21.15	825,080
06/05/2014	19.79	20.85	19.64	20.75	774,557
06/04/2014	19.87	20.1	19.645	19.8	524,580
06/03/2014	19.66	20.32	19.51	20.06	913,057
06/02/2014	20.81	20.94	19.7	19.85	1,625,416
05/30/2014	22.83	23.25	20.05	20.96	4,013,666
05/29/2014	22	22.26	21.34	22.04	2,047,443
05/28/2014	21.93	22.035	20.82	21.89	1,467,423
05/27/2014	21.26	21.52	20.93	21.1	835,329
05/23/2014	20.15	21.35	19.88	21.16	985,920
05/22/2014	19.67	20.78	19.55	20.11	1,092,807
05/21/2014	20.24	20.3	19.75	19.78	805,443
05/20/2014	19.22	20.04	19.22	19.9	595,689
05/19/2014	19.19	19.54	19.04	19.21	517,257
05/16/2014	18.7	19.37	18.4	19.34	943,888
05/15/2014	18.15	18.8	17.76	18.68	577,885
05/14/2014	18.2	18.5	17.66	18.22	655,457
05/13/2014	19	19.15	18.16	18.35	512,583
05/12/2014	18.28	19.11	18.2301	19.04	627,510
05/09/2014	17.83	18.36	17.67	18.23	489,272
05/08/2014	17.75	18.51	17.6401	17.91	912,768
05/07/2014	19.21	19.28	17.11	17.87	2,393,738
05/06/2014	19.54	19.8	19.12	19.3	995,762
05/05/2014	19.67	20.19	19.53	19.67	568,035
05/02/2014	19.55	19.95	19.5	19.89	814,179
05/01/2014	19	20.42	18.95	19.61	2,301,530
04/30/2014	18.5	19.22	18.21	19.21	2,050,046
04/29/2014	19	19.38	18.25	18.7	1,335,720
04/28/2014	19.74	19.9	17.85	18.87	2,908,662
04/25/2014	20.7	20.85	19.61	19.74	1,657,334
04/24/2014	22.33	22.5	20.87	20.99	1,050,511
04/23/2014	23.15	23.37	22.1	22.15	605,905
04/22/2014	21.95	23.59	21.93	23.16	1,251,338
04/21/2014	22.48	22.53	21.44	22.07	907,203
04/17/2014	22.42	22.76	21.785	22.55	1,095,724
04/16/2014	22.36	22.8	21.75	22.63	1,126,485
04/15/2014	21.61	22.32	20.96	22.15	1,794,753
04/14/2014	20.53	22.84	20.4	21.9	4,274,684
04/11/2014	22.88	23.54	21.85	21.9	1,114,005
04/10/2014	24.25	24.25	22.4	23.26	1,813,228
04/09/2014	23.5	24.17	23	24.14	1,297,643
04/08/2014	23.1	23.65	22.54	23.42	1,357,478
04/07/2014	22.86	23.32	22.5	23.05	1,215,109
04/04/2014	24.78	25.1	21.91	23.1	4,269,214
04/03/2014	26.39	26.5	24.69	24.73	1,747,156
04/02/2014	28.39	29.06	25.85	26.39	2,764,252
04/01/2014	26.7	27.08	26.04	26.29	1,137,058
03/31/2014	26.9	27.1	26.35	26.7	718,660
03/28/2014	26.05	26.92	25.8401	26.91	990,407
03/27/2014	26.2	26.7	25.37	26	1,458,323
03/26/2014	26.85	27.13	25.21	26.27	7,965,434
03/25/2014	27	28.83	26.64	27.27	2,544,140
03/24/2014	30.14	30.165	27	27.39	1,639,571
03/21/2014	31.71	32.0599	29.85	30.11	908,739
03/20/2014	32.49	32.87	31.65	31.74	613,623
03/19/2014	33.78	33.78	32.55	32.82	428,456
03/18/2014	33.94	34	33.47	33.78	744,883
03/17/2014	32.6	33.4	32.2821	33.1	680,174
03/14/2014	32.59	32.99	32	32.26	434,673
03/13/2014	33.39	33.472	31.88	32.57	869,845
03/12/2014	32.83	33.5	32.83	33.29	523,533
03/11/2014	33.98	34.06	32.86	32.97	673,299
03/10/2014	32.65	33.91	32.28	33.77	965,325
03/07/2014	33.85	34.1288	32.32	32.43	1,706,629
03/06/2014	34.86	35.7299	33.78	34.05	1,139,552
03/05/2014	39.81	39.81	34.12	34.76	4,218,998
03/04/2014	36.35	37.85	35.63	37.8	1,918,966
03/03/2014	34.96	36.04	34.22	35.99	461,388
02/28/2014	36.07	38.08	34.7	35.3	1,373,024
02/27/2014	35.22	36.22	35.07	35.85	621,989
02/26/2014	35.05	35.31	34.7243	35.17	442,836
02/25/2014	35.07	35.07	33.678	35	454,559
02/24/2014	35.07	36.07	34.83	35.17	456,171
02/21/2014	35.91	35.91	34.36	35.05	345,860
02/20/2014	35.89	36.04	35.39	35.87	230,248
02/19/2014	35.76	36.27	35.18	35.9	517,229
02/18/2014	34.4	36.17	34.376	35.85	1,069,441
02/14/2014	32.83	34.26	32.495	34.23	929,954
02/13/2014	31.29	32.96	31.29	32.62	464,056
02/12/2014	31.17	31.54	30.9246	31.3	333,432
02/11/2014	30.9	31.34	30.45	31.02	228,060
02/10/2014	30.9	31.03	30.69	30.85	154,303
02/07/2014	30.75	30.97	30.56	30.81	289,433
02/06/2014	29.96	30.73	29.84	30.55	240,943
02/05/2014	29.68	30.38	29.465	29.76	540,834
02/04/2014	29.55	30.11	28.81	30.04	863,787
02/03/2014	31.76	31.78	29.19	29.46	1,010,018
01/31/2014	31.98	32.39	31.75	31.79	347,352
01/30/2014	31.26	32.64	31.26	32.25	525,185
01/29/2014	30.71	31.18	30.5	31	427,506
01/28/2014	31.11	31.57	30.9	31.02	197,743
01/27/2014	31.82	31.89	30.58	31.09	397,236
01/24/2014	31.41	32.01	30.91	31.89	556,076
01/23/2014	31.89	32.08	31.25	31.62	649,679
01/22/2014	31.96	31.97	31.14	31.29	468,881
01/21/2014	31.6	31.89	31.22	31.76	622,364
01/17/2014	31.9	31.9905	31.32	31.5	916,699
01/16/2014	32	32.36	31.31	31.94	1,326,023
01/15/2014	33.29	33.5	28.7117	32.02	5,051,867
01/14/2014	33.09	33.76	32.91	33.74	794,214
01/13/2014	32.91	33.1	32.47	33.07	609,597
01/10/2014	32.63	32.73	31.5	32.53	974,541
01/09/2014	34.07	34.38	32.11	32.63	925,130
01/08/2014	34.28	35	33.8001	34.17	780,336
01/07/2014	34.69	34.91	33.7	34.34	807,815
01/06/2014	35.02	35.59	34.14	34.86	882,112
01/03/2014	32.35	35.5	32	35.17	1,604,880
01/02/2014	32.08	32.4299	31.9	32.33	392,767
12/31/2013	32.07	32.2299	31.63	32.1	544,748
12/30/2013	31.8	32.4	31.43	31.88	528,538
12/27/2013	32.15	32.41	31.56	31.86	561,476
12/26/2013	32.75	33.49	32.08	32.31	459,625
12/24/2013	32.9	32.98	32.59	32.83	489,302
12/23/2013	33.6	33.9	32.53	32.7	643,316
12/20/2013	33	33.99	32.25	33.69	2,274,669
12/19/2013	33.2	33.319	32.05	32.94	987,965
12/18/2013	33.22	34.15	32.6	33.57	1,090,012
12/17/2013	34.31	34.31	32.88	34.06	1,625,784
12/16/2013	36.97	37.09	32.56	34.17	3,465,067
12/13/2013	37.83	37.8599	36.67	36.93	751,739
12/12/2013	37.7	38.28	37.4024	37.52	471,993
12/11/2013	38.4	38.91	37.78	37.88	508,835
12/10/2013	38.08	39.48	37.98	38.31	610,152
12/09/2013	40.04	40.08	37.82	38.08	1,406,104
12/06/2013	43.22	44.3	38.5	40.05	3,305,320
12/05/2013	40.49	41.48	40.0311	40.98	1,114,907
12/04/2013	40.35	41.89	39.95	40.14	825,002
12/03/2013	40.33	42.27	39.99	40.21	743,665
12/02/2013	40.03	42.22	40.03	41.22	390,100
11/29/2013	42.29	42.5899	39.731	40.49	443,555
11/27/2013	42.44	43.69	41.02	41.91	521,789
11/26/2013	38.41	42.465	38.4	42.13	993,746
11/25/2013	39.18	40.78	38.38	39.49	726,677
11/22/2013	39.44	39.7	37.83	38.15	775,483
11/21/2013	37.16	37.99	36.85	37.55	386,442
11/20/2013	37.75	38.619	36.75	36.93	251,751
11/19/2013	38.25	38.32	36.81	37.01	272,459
11/18/2013	38.6	40.79	38.25	38.53	295,122
11/15/2013	39.44	41.05	38.48	38.59	365,879
11/14/2013	39.05	39.05	38.36	38.85	110,931
11/13/2013	37	38.77	36.75	38.71	184,689
11/12/2013	37.64	37.64	36.6	37.1	279,717
11/11/2013	40.23	40.59	37.09	37.19	720,118
11/08/2013	38.15	40.62	38.15	40.54	504,298
11/07/2013	38.64	38.6965	37.68	38.11	260,624
11/06/2013	38.76	38.88	37.8	38.64	189,591
11/05/2013	39	39.56	37.9	38.19	281,106
11/04/2013	39.04	39.92	37.5	38.93	264,504
11/01/2013	39	40.3	37.55	38.58	401,113
10/31/2013	36.9	39.49	35	38.91	1,275,536
10/30/2013	38.62	39	36.8201	37.2	641,492
10/29/2013	40.48	41	38.01	38.72	528,374
10/28/2013	43.25	43.25	40.11	40.47	340,016
10/25/2013	44	44.6199	40.6	43	392,152
10/24/2013	40.15	43.34	40.15	43.15	591,621
10/23/2013	42.47	42.93	39.57	40.15	953,536
10/22/2013	47.96	48	41.768	42.95	1,133,046
10/21/2013	49	49	45.39	46.24	998,755
10/18/2013	43.7	44.99	43.59	44.39	1,190,926
10/17/2013	37.13	42	37.1	41.6	2,936,197
10/16/2013	38	39.64	35.06	37.16	13,953,010
