16:00	116.05	116.15	114.80	116.04	7,098,847
05/05/2017	116.05	116.15	114.8	116.04	7,088,097
05/04/2017	115.94	116.41	115.15	115.86	6,977,683
05/03/2017	117.95	118	115.12	116.57	10,587,910
05/02/2017	117.07	118.69	117	118.09	10,032,340
05/01/2017	115.63	117.24	115.5	116.68	7,312,691
04/28/2017	115.9	115.99	115	115.5	6,981,258
04/27/2017	115	115.96	114.83	115.43	9,435,857
04/26/2017	115.37	115.75	114.62	114.97	6,674,081
04/25/2017	115.54	115.82	114.8	115.48	11,332,290
04/24/2017	114.04	115.16	114.02	114.86	13,417,020
04/21/2017	112.8	113.17	112.3	113.11	8,960,952
04/20/2017	111.53	113.6	111.48	112.96	13,771,690
04/19/2017	111.99	112.2	110.57	110.76	9,595,884
04/18/2017	111.2	112.2	110.86	111.23	8,297,300
04/17/2017	110.91	111.87	110.3	111.76	7,111,117
04/13/2017	110.72	111.45	109.82	110.21	6,854,470
04/12/2017	110.5	111.7	110.31	110.63	8,097,064
04/11/2017	111.4	111.79	109.46	110.44	10,010,850
04/10/2017	109	111.88	108.84	111.7	14,796,220
04/07/2017	107.88	109.07	106.76	108.99	8,341,495
04/06/2017	107.59	108.42	107.15	108.04	5,201,954
04/05/2017	108.36	108.82	107.32	107.44	8,187,964
04/04/2017	107.87	108.26	106.88	107.52	6,477,898
04/03/2017	108.85	109.47	107.52	108.09	7,783,911
03/31/2017	108.5	109.11	107.78	107.83	8,994,726
03/30/2017	109.729	110.45	108.66	108.85	10,587,160
03/29/2017	107.97	109.74	107.69	109.51	8,784,547
03/28/2017	108.23	108.95	107.46	107.8	6,467,098
03/27/2017	106.65	108.19	106.51	108.08	7,699,358
03/24/2017	108.4	109.13	107.23	108.04	7,572,922
03/23/2017	106.95	108.83	106.44	108.25	13,398,120
03/22/2017	104.64	106.12	103.98	106.09	7,144,945
03/21/2017	108.46	108.7	104.7	105.09	13,868,960
03/20/2017	106.23	108.2	105.94	107.25	12,447,930
03/17/2017	105.17	106.5	104.86	105.61	8,760,765
03/16/2017	105.25	105.65	104.301	105.63	12,313,540
03/15/2017	104.37	104.49	102.6	103.69	11,670,640
03/14/2017	104.61	106	103.82	104.25	7,746,539
03/13/2017	103.52	106.25	103.47	105.18	16,103,740
03/10/2017	103.43	103.7	102.63	103.39	4,113,497
03/09/2017	102.97	103.75	102.76	103.24	4,521,801
03/08/2017	102.63	104.29	102.54	103.22	7,064,946
03/07/2017	102.3	103.30	102.11	102.63	4,980,492
03/06/2017	102.76	103.25	102.1	102.31	6,271,374
03/03/2017	102.99	103.42	102.44	103.31	6,313,293
03/02/2017	103.8	104.58	102.77	103.19	7,970,738
03/01/2017	103.68	104.99	103.21	104.04	10,324,960
02/28/2017	103.89	103.99	102.03	102.9	8,007,397
02/27/2017	102.5	103.825	102.22  103.6	6,860,807
02/24/2017	101.39	103	101.3	102.95	7,356,362
02/23/2017	104.72	104.86	101.82	102.46	10,088,960
02/22/2017	102.48	105.2	102.42	104.2	15,772,600
02/21/2017	101.03	102.54	100.91	102.12	8,179,989
02/17/2017	100.69	101.73	100.3	100.52	8,237,860
02/16/2017	101.86	102.1	100.5	100.82	7,457,191
02/15/2017	102.06	102.13	100.11	101.55	12,379,520
02/14/2017	103.14	103.6	100.896	101.59	10,229,280
02/13/2017	102.82	104.44	102.62	103.1	9,722,892
02/10/2017	103.88	103.94	102.31	102.36	7,675,084
02/09/2017	103.325	104.18	102.56	103.34	8,421,821
02/08/2017	101.55	103.99	101.16	103.57	10,169,200
02/07/2017	101.04	101.6	100.5	100.83	5,647,856
02/06/2017	100.17	101.706	100.02	100.9	6,784,375
02/03/2017	101.5	101.56	100.3	100.39	6,184,364
02/02/2017	101.28	101.47	100.56	100.84	5,363,044
02/01/2017	102.07	102.38	100.87	101.57	5,726,905
01/31/2017	100.24	102.09	100.06	101.31	7,522,294
01/30/2017	101.2	101.46	100.09	101.02	8,611,044
01/27/2017	102.25	102.7	101.29	102.07	8,028,976
01/26/2017	103.92	104.57	102.17	102.75	12,500,030
01/25/2017	102.46	104.27	101.9	104.06	23,306,790
01/24/2017	103.15	103.19	99.94	101.43	37,142,250
01/23/2017	96.48	98.67	96.26	98.41	13,997,100
01/20/2017	96.45	97.15	95.6707	96.06	9,652,714
01/19/2017	96.42	96.7	95.58	96.17	7,085,970
01/18/2017	96.27	96.27	95.26	96	6,587,018
01/17/2017	96.32	96.59	95	96.12	6,340,299
01/13/2017	95.95	97.38	95.76	96.27	10,687,930
01/12/2017	96.85	96.85	94.8	95.9	8,412,007
01/11/2017	96.92	97.45	95.6	96.94	8,723,400
01/10/2017	96.4	97.904	95.55	96.75	14,759,640
01/09/2017	94.16	95.65	93.31	94.72	10,817,620
01/06/2017	94.4	94.5	93	93.89	7,597,513
01/05/2017	91.91	94.81	91.64	94.37	16,787,830
01/04/2017	88.985	90.89	88.58	90.51	11,462,690
01/03/2017	89	89	88.08	88.6	8,786,988
12/30/2016	87.57	88.1	87.2	87.81	7,208,711
12/29/2016	87.82	88.2	87.16	87.33	5,465,067
12/28/2016	88.3	88.75	87.22	87.37	6,413,099
12/27/2016	86.72	87.94	86.71	87.54	5,215,202
12/23/2016	86.62	87.68	86.62	86.79	6,358,390
12/22/2016	87.89	88.26	86.01	86.8	14,368,590
12/21/2016	89.96	90.43	89.25	89.25	9,021,352
12/20/2016	89.19	90.31	88.94	89.84	8,424,608
12/19/2016	88.61	89.82	88.41	88.93	10,206,940
12/16/2016	89	90.1	88.56	88.67	11,322,450
12/15/2016	90	90.6	88.74	88.85	19,170,560
12/14/2016	91.83	92.26	90.83	91.19	9,148,677
12/13/2016	92.8	93.73	91.87	92.16	10,450,390
12/12/2016	92.05	92.89	91.7	92.47	9,347,017
12/09/2016	92.51	93.64	92.28	93.28	9,162,923
12/08/2016	91.8	93.08	91.03	92.31	10,907,560
12/07/2016	90.52	91.65	89.5	91.07	13,218,170
12/06/2016	91.56	91.93	89.96	90.4	7,772,578
12/05/2016	90.05	91.4	89.57	90.99	8,862,879
12/02/2016	90.38	91.74	89.95	90.48	11,711,150
12/01/2016	94	94.055	89.18	89.86	24,008,200
11/30/2016	95.28	95.48	93.3	94.02	11,415,540
11/29/2016	93.67	96.055	93.39	94.99	14,128,660
11/28/2016	93.02	95.7411	93	93.76	14,287,080
11/25/2016	93.55	93.75	92.77	93.01	4,868,511
11/23/2016	92.53	93.4	91.45	93.03	11,736,610
11/22/2016	94.24	94.42	93.16	93.21	10,396,530
11/21/2016	94.05	94.66	93	93.41	8,926,920
11/18/2016	94.85	95.3	92.67	93.39	9,729,471
11/17/2016	94.71	94.98	93.64	94.07	10,375,260
11/16/2016	91.39	93.68	91.33	92.86	13,047,920
11/15/2016	91	93.49	90.75	91	16,700,650
11/14/2016	92.451	92.54	87.88	89.77	27,341,470
11/11/2016	93.86	94.09	91.1	92.99	23,694,700
11/10/2016	98.34	98.5	92.22	94.34	27,298,660
11/09/2016	97.38	98.58	95.8	96.67	20,912,660
11/08/2016	99.39	99.99	98.36	99.85	8,065,331
11/07/2016	100.07	100.62	99.16	99.35	11,184,020
11/04/2016	96.9	98.79	96.67	97.57	9,038,406
11/03/2016	98.04	99.3	96.46	97.75	15,580,000
11/02/2016	103.85	104.1	97.3	98.51	36,965,870
11/01/2016	100.43	101.24	99.21	101.15	21,226,050
10/31/2016	102.65	103.21	101.42	101.69	15,833,790
10/28/2016	102.35	103.05	101.55	101.93	8,352,163
10/27/2016	103.38	104.11	101.85	102.38	8,793,405
10/26/2016	103.68	104	102.7	102.78	7,570,229
10/25/2016	104.86	105.20	104.02	104.22	8,961,856
10/24/2016	104.98	105.3	103.55	104.5	10,878,840
10/21/2016	103.7	103.94	102.75	103.94	7,356,226
10/20/2016	104.2	104.74	103.57	103.85	7,087,015
10/19/2016	104.33	104.8	103.65	103.93	8,931,290
10/18/2016	104.47	104.99	103.31	103.34	11,082,800
10/17/2016	101.5	103.47	101.27	102.84	10,349,520
10/14/2016	104.27	104.7	101.03	101.85	12,779,630
10/13/2016	102.06	102.55	99	102.15	22,377,940
10/12/2016	105.05	105.11	101.82	103.62	17,735,580
10/11/2016	107.89	107.97	104.75	105.23	14,676,610
10/10/2016	106.79	109	106.56	108.41	11,505,440
10/07/2016	106.89	107.55	105.56	106	8,948,099
10/06/2016	107.3	107.51	106.185	107.08	9,879,871
10/05/2016	105.87	107.45	105.66	106.96	13,154,000
10/04/2016	105.93	106.23	105.05	105.45	11,065,380
10/03/2016	105.45	106.29	104.98	105.38	10,842,050
09/30/2016	106.5	107.1	105.79	105.79	15,566,160
09/29/2016	106.51	106.69	104.57	105.55	30,216,610
09/28/2016	108.44	109.87	107.16	108.75	16,287,430
09/27/2016	106.52	108.49	106.37	108.26	17,497,870
09/26/2016	106.52	107.06	105.3	105.89	16,792,750
09/23/2016	108.25	108.4	106.71	107.71	23,078,980
09/22/2016	107.57	109.76	107.48	109.36	35,615,500
09/21/2016	102.46	106.19	102.21	106	22,985,350
09/20/2016	102.94	103.73	100.93	101.45	12,848,790
09/19/2016	105.16	105.5	102.195	103.03	15,220,320
09/16/2016	104	105.39	103.86	104.64	20,361,380
09/15/2016	102.62	104.48	102.53	104.45	20,830,280
09/14/2016	100.08	102.59	100.02	102.4	19,593,000
09/13/2016	100.38	101.49	98.84	100.28	19,992,510
09/12/2016	97.38	101.38	97	100.8	17,305,320
09/09/2016	101.8	102.21	99.05	99.62	21,234,170
09/08/2016	101.93	103.78	101.63	102.57	15,474,890
09/07/2016	103.84	104	102.26	102.32	15,732,340
09/06/2016	100.45	104.3	100.45	103.78	32,771,500
09/02/2016	97.97	99.665	97.97	99.25	17,469,950
09/01/2016	97.3	98	97.01	97.42	13,366,910
08/31/2016	96.14	97.2	96.01	97.19	28,600,450
08/30/2016	95.35	96.68	95.17	96	13,983,900
08/29/2016	94.6	95.16	94.21	94.88	8,812,224
08/26/2016	94.15	95.45	94.08	95.06	14,118,550
08/25/2016	93.75	94.69	93.12	93.94	13,027,180
08/24/2016	95.68	96.3	93.56	93.88	12,702,060
08/23/2016	95.59	96.48	95.41	95.79	9,638,938
08/22/2016	96.47	96.63	94.75	95.65	16,218,810
08/19/2016	96.91	97.24	96.34	96.86	14,263,640
08/18/2016	97.25	97.94	96.62	97	15,006,470
08/17/2016	96.17	97.25	96.05	97	14,973,660
08/16/2016	96.15	97.15	95.05	96.66	27,486,390
08/15/2016	98.28	98.86	96.82	97.17	33,792,570
08/12/2016	92.98	98.35	92.91	98.25	71,918,830
08/11/2016	92.14	92.8	91.26	91.77	54,147,300
08/10/2016	86.01	87.73	86.01	87.33	28,135,330
08/09/2016	85.05	85.63	84.8	85.24	15,375,290
08/08/2016	84.99	85.02	84.3	85	11,514,040
08/05/2016	85.01	85.08	84.44	84.59	9,389,329
08/04/2016	83.75	84.98	83.69	84.75	10,720,530
08/03/2016	83.3	83.84	83.17	83.67	5,363,701
08/02/2016	84.34	84.34	82.91	83.8	7,682,308
08/01/2016	82.79	84.8	82.59	84.34	13,313,720
07/29/2016	83.37	83.42	81.945	82.48	8,707,325
07/28/2016	83.46	83.49	82.1201	83.12	7,465,956
07/27/2016	83.6	83.64	83	83.1	11,603,940
07/26/2016	82.86	83.63	82.63	83.59	7,708,331
07/25/2016	84.47	84.79	82.61	83.19	13,182,970
07/22/2016	84	84.5	83.81	84.49	5,987,680
07/21/2016	84.71	85	83.66	84.18	10,176,750
07/20/2016	83.27	84.7	83.23	84.42	13,980,800
07/19/2016	82.48	83.69	82.05	82.77	9,792,308
07/18/2016	80.6	82.79	80.6	82.65	12,107,370
07/15/2016	81.78	82.49	80.965	81.25	8,915,419
07/14/2016	81.18	82.24	80.86	81.74	9,356,488
07/13/2016	81.83	81.88	80.37	80.57	10,727,800
07/12/2016	81.79	82.88	81.51	81.74	15,265,190
07/11/2016	79.33	81.9	79.24	81.46	17,367,400
07/08/2016	78.44	79.35	77.8	78.99	14,011,640
07/07/2016	79	79.4899	78.71	79.35	6,808,656
07/06/2016	78.47	78.82	77.68	78.64	7,737,637
07/05/2016	79.04	79.55	78.37	78.97	6,837,814
07/01/2016	79.12	80.05	79.12	79.65	7,264,578
06/30/2016	78.31	79.76	78.28	79.53	12,483,880
06/29/2016	76.98	78.48	76.9	78.04	11,449,960
06/28/2016	75.5	76.6	75.5	76.28	11,238,520
06/27/2016	75.8	76.29	73.3	74.23	15,203,760
06/24/2016	76.83	77.5	75.43	76.29	18,148,590
06/23/2016	79.16	79.46	78.55	79.14	8,258,057
06/22/2016	79.04	79.12	78.21	78.73	8,160,558
06/21/2016	78.75	79.08	78.4	78.62	8,865,212
06/20/2016	77.9	78.7899	77.84	78.15	9,603,659
06/17/2016	78.45	78.45	76.48	77	15,547,790
06/16/2016	77.84	78.4	76.2	78.27	13,551,820
06/15/2016	78.31	78.7686	77.51	78.39	14,720,240
06/14/2016	76.89	78.45	76.75	77.77	22,349,320
06/13/2016	75.25	76.455	74.85	75.45	11,289,770
06/10/2016	76.43	77.05	75.76	75.92	10,419,660
06/09/2016	77.39	78.07	76.78	77.56	8,991,859
06/08/2016	78	78.53	77.375	77.64	11,603,380
06/07/2016	78.19	78.37	77.32	77.84	12,876,640
06/06/2016	77.11	78.33	76.7	78.06	19,155,500
06/03/2016	77.24	77.8	75.71	76.62	23,675,020
06/02/2016	76.65	77.75	76.56	77.3	45,371,220
06/01/2016	79.15	80.14	76.55	76.69	62,462,540
05/31/2016	81	82.03	80.2	82	77,980,590
05/27/2016	78.49	81	78.39	80.97	24,544,870
05/26/2016	76.99	78.865	76.8	78.35	26,930,700
05/25/2016	78.53	79.2	74.12	75.59	49,605,940
05/24/2016	79.17	81.31	79.07	81.12	16,675,160
05/23/2016	78.95	79.5	78.6	79	7,172,888
05/20/2016	79.07	79.45	78.3501	78.79	11,037,240
05/19/2016	78.65	79.26	77.6	78.32	8,311,218
05/18/2016	78.71	80	78.47	79.03	9,070,749
05/17/2016	79.83	80.2	79.31	79.35	10,970,500
05/16/2016	77.86	79.93	77.59	79.29	11,637,290
05/13/2016	78.825	79.16	76.97	77.16	10,073,650
05/12/2016	80.01	80.45	78.32	79.16	8,773,294
05/11/2016	79.43	80.485	79.41	79.8	11,059,650
05/10/2016	79.79	79.98	79.15	79.72	9,315,502
05/09/2016	78.94	79.98	78.89	79.41	11,783,380
05/06/2016	78.35	79.72	78.25	79.2	12,852,580
05/05/2016	79.52	79.94	78.1	78.83	27,940,170
05/04/2016	75.64	75.91	75.01	75.82	14,289,990
05/03/2016	75.96	76.27	75.425	75.91	8,008,683
05/02/2016	76.89	77	75.94	76.61	7,715,004
04/29/2016	76.81	77.28	75.66	76.94	10,096,800
04/28/2016	77.65	77.9	76.09	76.4	9,948,096
04/27/2016	78.3	78.62	76.57	77.65	11,456,400
04/26/2016	78.85	79.56	77.8001	78.61	9,576,697
04/25/2016	79.8	79.84	78.68	78.84	9,184,890
04/22/2016	80.12	85.89	79.155	79.89	8,628,875
04/21/2016	81.08	81.78	80.2	80.78	8,812,676
04/20/2016	79	81.735	78.99	81.21	14,900,920
04/19/2016	79.2	80.48	78.47	79.46	14,727,460
04/18/2016	78.52	79.12	77.71	79.01	7,761,672
04/15/2016	79.45	79.75	78.46	78.97	11,696,030
04/14/2016	79.31	79.858	78.36	79.61	12,589,950
04/13/2016	78.74	79.72	78.5	79.64	14,118,650
04/12/2016	78	78.24	76.87	77.86	7,111,310
04/11/2016	78.07	78.589	77.43	77.71	7,895,083
04/08/2016	78.27	78.76	76.621	77.47	8,395,405
04/07/2016	77.6	78.6	77.1825	77.61	10,935,080
04/06/2016	77.3	79.15	77.19	78.68	9,061,421
04/05/2016	78.2	78.3	76.91	77.32	9,591,390
04/04/2016	78.33	79.55	78.32	79.08	9,796,850
04/01/2016	78.24	79.02	78.2	78.73	9,254,098
03/31/2016	78.5	79.84	78.41	79.03	11,310,600
03/30/2016	79.01	79.55	78.54	78.86	10,684,540
03/29/2016	75.6	78.24	75.57	78.08	12,521,450
03/28/2016	76.45	76.89	74.9	76.48	6,074,844
03/24/2016	75.15	76.15	73.53	75.86	8,833,087
03/23/2016	78.16	78.98	76.15	76.56	10,798,990
03/22/2016	77	78.55	76.908	78.18	9,136,901
03/21/2016	77.09	79.6804	76.94	78.11	15,482,830
03/18/2016	74.97	76.3	74.71	76.25	13,344,020
03/17/2016	73.76	74.3701	73.51	74.25	9,421,522
03/16/2016	72.01	73.66	71.86	73.5	7,700,351
03/15/2016	72.62	72.84	71.75	72.23	8,371,271
03/14/2016	74.01	74.4199	72.89	73.35	11,059,110
03/11/2016	72.58	74.01	72.22	74.01	11,203,480
03/10/2016	72.5	73.05	70.605	71.97	11,246,900
03/09/2016	71.59	72.61	70.68	72.43	7,276,478
03/08/2016	72.4	72.65	70.96	71.07	8,658,430
03/07/2016	72.2	73.98	72	72.89	11,037,310
03/04/2016	70.96	72.96	70.72	72.22	10,757,150
03/03/2016	71.31	72.59	70.46	71.02	11,594,120
03/02/2016	72.04	72.04	70.75	71.25	10,500,290
03/01/2016	70.02	71.84	69.86	70.86	13,999,100
02/29/2016	67.64	70.58	67.56	68.81	17,982,150
02/26/2016	68.09	68.83	66.86	66.91	12,064,220
02/25/2016	65.67	66.72	64.66	66.66	14,661,780
02/24/2016	66.17	67.69	65.21	67.23	10,773,710
02/23/2016	68.5	68.66	66.465	66.97	12,876,500
02/22/2016	68.3	69.53	67.98	68.84	13,353,350
02/19/2016	66.8	67.75	66.09	67.28	12,321,100
02/18/2016	67	68.5	66.23	66.52	14,529,100
02/17/2016	67.17	67.39	65.68	66.38	14,446,720
02/16/2016	64.42	66.89	64.04	66.29	21,714,330
02/12/2016	61.27	62.78	60.28	60.89	13,663,750
02/11/2016	60.25	61.63	59.85	60.57	14,996,110
02/10/2016	61.9	63.09	60.87	61.78	8,995,441
02/09/2016	60.11	62.22	59.25	61.39	12,733,460
02/08/2016	60.9	62.05	60.45	61.1	16,151,610
02/05/2016	64.71	64.86	62.18	62.64	12,807,190
02/04/2016	64.33	65.72	63.1	64.86	22,893,850
02/03/2016	65.6	65.73	60.87	63.44	31,907,620
02/02/2016	67.05	67.7399	64.66	65.09	19,140,890
02/01/2016	66.5	67.7	65.35	67.03	16,176,000
01/29/2016	67.98	68.93	65.4	67.03	25,573,130
01/28/2016	72.55	73.15	66.67	66.92	33,122,370
01/27/2016	69.96	71.42	68.745	69.54	18,182,870
01/26/2016	69.01	70.19	68.88	69.77	11,459,120
01/25/2016	70.8	70.8	69.02	69.72	14,760,560
01/22/2016	72.51	73.34	69.89	70.37	15,800,430
01/21/2016	68.78	71.65	67.1437	70.72	16,552,530
01/20/2016	68.025	69.1124	65.34	68.71	19,446,730
01/19/2016	71.94	72.31	69.81	70.13	17,359,800
01/15/2016	68.7	71	67.541	69.59	20,633,510
01/14/2016	70.29	72.72	68.27	72.25	17,703,950
01/13/2016	72.77	73.239	70.22	70.29	12,459,980
01/12/2016	71.45	72.77	71	72.68	13,449,620
01/11/2016	71.29	71.73	69.02	69.92	16,924,110
01/08/2016	74.33	74.66	70.67	70.8	20,768,400
01/07/2016	73.29	75.5	71.54	72.72	27,255,620
01/06/2016	77.12	78.485	76.97	77.33	11,560,280
01/05/2016	77.92	78.68	77.26	78.63	14,206,820
01/04/2016	78.18	78.31	75.18	76.69	23,020,490
12/31/2015	81.48	82.17	81.25	81.27	6,743,601
12/30/2015	82.95	83.11	81.5	81.68	6,961,018
12/29/2015	82.5	83.51	82.41	83.26	6,939,916
12/28/2015	82.56	82.75	81.52	82.14	9,295,918
12/24/2015	84.56	84.8	83.41	83.71	3,775,327
12/23/2015	85.05	85.09	83.72	84.8	11,219,580
12/22/2015	82.89	85.1	82.89	84.84	12,762,320
12/21/2015	83.15	83.73	82.43	82.87	8,087,646
12/18/2015	83.2	83.75	82.03	82.65	12,130,480
12/17/2015	85	85.32	82.85	83.56	12,972,030
12/16/2015	83.3	85.05	82.995	84.63	16,558,510
12/15/2015	81.06	83.39	80.9	82.49	13,040,100
12/14/2015	80.15	80.76	78.99	80.57	12,060,830
12/11/2015	82.85	83.05	79.422	79.74	20,768,160
12/10/2015	83.34	84.34	82.85	84.33	10,457,010
12/09/2015	84.37	85.2	82.97	83.42	21,904,060
12/08/2015	82.77	84.67	82.61	84.38	14,638,050
12/07/2015	84.8	85.1299	84.2	84.76	11,861,220
12/04/2015	82.58	85	82.42	84.85	15,551,720
12/03/2015	85.05	85.1	82.1	82.59	23,010,410
12/02/2015	84.27	85.82	84.25	85	36,584,620
12/01/2015	83.77	84.39	83.5	84	26,114,520
11/30/2015	81.5	84.47	81.38	84.08	97,825,550
11/27/2015	80.57	81.41	79.275	81.38	12,600,340
11/25/2015	80.91	82.675	80.82	81.71	16,323,820
11/24/2015	80.85	81.11	79.27	80.86	15,261,910
11/23/2015	80.45	82.19	79.97	81.31	18,734,780
11/20/2015	78.44	80.785	78.4	79.95	20,952,660
11/19/2015	78.06	79.15	77.403	77.87	15,680,400
11/18/2015	78.25	78.31	76.15	77.69	16,726,570
11/17/2015	78.9	79.14	77.47	78.13	12,456,100
11/16/2015	75.83	78.75	75.77	78.3	17,028,510
11/13/2015	77.15	78	75.64	75.85	24,211,680
11/12/2015	78.99	80.5	78.45	78.76	18,812,170
11/11/2015	82.28	82.49	78.12	79.85	29,577,430
11/10/2015	81.1	82.43	79.62	81.43	21,975,330
11/09/2015	83.44	83.47	80.22	81.38	19,080,540
11/06/2015	85.53	86.35	80.77	83.61	38,520,430
11/05/2015	85.22	86.42	84.2	85.38	20,630,150
11/04/2015	84.45	85.6	84.03	85.4	23,700,250
11/03/2015	84	84.59	83.13	83.44	11,635,010
11/02/2015	83.52	84.83	82.75	84.35	13,747,280
10/30/2015	82.7	84.44	82.6	83.83	20,660,420
10/29/2015	81.97	82.53	80.82	82.22	16,375,850
10/28/2015	79.48	82.545	79.2001	82.35	24,937,990
10/27/2015	82.11	82.79	78.25	79.44	50,755,880
10/26/2015	75.44	77.42	75.13	76.35	24,745,230
10/23/2015	73.98	75.76	72.84	75.62	22,463,450
10/22/2015	70.16	71.63	70.07	70.99	10,751,510
10/21/2015	71.66	71.79	68.89	69.48	16,856,270
10/20/2015	72.99	73	71.55	71.79	11,022,080
10/19/2015	71.8	73	71.522	72.65	10,884,870
10/16/2015	72.5	73.64	71.21	71.99	15,715,120
10/15/2015	69.34	72.44	69.26	71.78	18,171,360
10/14/2015	69.5	69.7	67.425	68.54	12,253,630
10/13/2015	69.49	70.32	68.38	69.68	13,045,600
10/12/2015	69.64	70.47	69	70.3	15,522,900
10/09/2015	68.2	69.45	67.31	68.71	14,739,970
10/08/2015	66.04	68.41	65.96	67.7	18,586,720
10/07/2015	64.84	66.66	64.38	66.28	15,786,660
10/06/2015	63.72	64.73	63.28	63.92	9,600,334
10/05/2015	63.47	64.775	62.2	63.93	13,579,060
10/02/2015	58.36	63.24	58.2	63.2	22,282,630
10/01/2015	59.5	59.83	58.23	58.87	8,128,423
09/30/2015	58.87	60.08	58.35	58.97	16,749,870
09/29/2015	57.3	58.65	57.2	57.82	16,749,600
09/28/2015	58.81	60.12	57.315	57.39	20,605,160
09/25/2015	60.63	60.84	58.92	59.24	16,999,750
09/24/2015	59.42	60.34	58.21	59.92	20,625,330
09/23/2015	61.96	62.3	59.68	60	22,643,800
09/22/2015	62.94	63.27	61.58	61.9	14,866,380
09/21/2015	65.38	66.4	62.96	63.9	22,339,630
09/18/2015	65.4	65.75	64.01	65.75	20,102,640
09/17/2015	66.41	66.65	65.6	66	16,565,070
09/16/2015	65.61	68.08	65.26	67.23	25,796,990
09/15/2015	61.45	65.36	61.11	64.85	29,008,090
09/14/2015	62.55	63.26	61.48	62.6	26,705,380
09/11/2015	63.37	64.79	62.7	64.63	17,727,300
09/10/2015	63.52	64.25	63.34	63.83	13,279,660
09/09/2015	62.73	64.67	62.53	64.04	33,098,000
09/08/2015	65.78	66.81	60.25	60.91	50,077,490
09/04/2015	65.405	65.57	63.34	63.91	18,145,840
09/03/2015	65.821	66.89	65.41	66.47	15,751,070
09/02/2015	65.69	66	64.971	65.54	13,331,690
09/01/2015	64.38	66.84	64.05	64.83	23,440,420
08/31/2015	69.18	69.3	66.02	66.12	18,450,450
08/28/2015	69.68	70.5	69.045	70.07	10,577,560
08/27/2015	70.84	71.59	70.02	70.84	17,694,340
08/26/2015	68.95	69.45	65.75	68.66	26,331,660
08/25/2015	68.84	70.33	67.49	68.57	29,439,660
08/24/2015	58.16	67.48	58	65.8	31,366,440
08/21/2015	69.32	70.66	68.18	68.18	29,074,950
08/20/2015	71.98	72.78	70.03	70.32	20,952,680
08/19/2015	73.15	73.56	72.81	73.12	18,172,780
08/18/2015	74.05	75.13	73.73	73.88	11,119,290
08/17/2015	74.85	75.24	74.16	75.19	12,656,640
08/14/2015	74.53	75.49	74.46	74.76	12,321,870
08/13/2015	74	76.73	73.66	75.11	23,178,840
08/12/2015	72.32	73.85	71.03	73.38	41,149,810
08/11/2015	79.481	80	76.15	77.34	22,889,700
08/10/2015	79.86	80.99	79.5	80.47	11,240,080
08/07/2015	79.65	80.2	78.66	78.82	8,723,472
08/06/2015	79.85	80.75	78.64	78.96	9,281,352
08/05/2015	79.59	80.42	79.48	79.82	7,476,442
08/04/2015	78.07	79.354	77.8	78.87	8,485,033
08/03/2015	78.2	78.5	77.11	77.99	9,263,379
07/31/2015	79.85	79.905	78.2	78.34	12,588,690
07/30/2015	80.11	80.64	79.45	79.96	6,849,318
07/29/2015	80.98	81.3689	80.01	80.26	7,148,103
07/28/2015	80.67	80.8	79.25	80.56	12,102,020
07/27/2015	80.85	81.7	79.68	81.4	12,101,800
07/24/2015	85.17	85.38	82.65	83.02	8,728,740
07/23/2015	84.66	84.97	83.25	83.88	7,413,160
07/22/2015	82.16	84.75	82	84.15	11,189,880
07/21/2015	83.11	83.25	82.22	82.54	5,726,138
07/20/2015	83.56	83.68	82.05	82.67	8,121,285
07/17/2015	81.99	83.7	81.58	83.36	14,479,080
07/16/2015	81.39	82	80.9	81.53	8,570,022
07/15/2015	80.9	81.5	80.21	80.73	9,509,203
07/14/2015	81.58	82.02	81.1301	81.5	7,513,216
07/13/2015	80.92	82.2	80.7	81.86	10,321,770
07/10/2015	81.13	81.2	79.84	80.3	11,218,440
07/09/2015	80.93	81.19	79.04	79.04	19,766,980
07/08/2015	76.58	78.79	76.22	77.94	22,664,420
07/07/2015	79.45	79.79	76.21	79.62	34,215,050
07/06/2015	80.56	81.5	80.12	80.23	11,648,780
07/02/2015	82.12	82.32	81.78	82.07	6,755,965
07/01/2015	82.6	83	81.99	82.46	5,943,523
06/30/2015	82.58	83.69	81.96	82.27	12,592,550
06/29/2015	81.64	82.88	80.8	81.07	15,171,110
06/26/2015	84.63	84.65	82.82	83.28	12,650,160
06/25/2015	85.47	85.6	84.9	85.24	8,920,327
06/24/2015	85.163	85.81	84.85	85.17	9,432,304
06/23/2015	85.98	86.34	84.83	85.08	11,401,180
06/22/2015	86.07	86.4	85.58	85.68	7,131,306
06/19/2015	86.51	86.6	85.17	85.74	10,235,470
06/18/2015	86.97	87.59	86.32	86.75	11,726,210
06/17/2015	86.58	87.8	86.48	86.8	10,237,830
06/16/2015	86.003	86.7	85.6101	86.09	10,972,050
06/15/2015	86.3	87.17	86.05	86.12	10,195,080
06/12/2015	87.42	87.79	86.48	86.63	9,957,114
06/11/2015	89.03	89.48	87.1	87.21	13,657,310
06/10/2015	87.7	88.99	87.2	88.9	12,528,620
06/09/2015	88.04	88.18	86.12	87.58	16,049,550
06/08/2015	90.65	91.6	88.2427	88.29	15,673,140
06/05/2015	90.46	91.6	90.46	90.71	11,330,920
06/04/2015	90.71	91.41	90.27	90.59	8,681,231
06/03/2015	90.73	91.04	89.9	90.79	9,412,430
06/02/2015	90.55	91.54	90.19	90.51	9,847,447
06/01/2015	90.09	90.99	89.49	90.78	9,898,365
05/29/2015	91.35	91.5	89.32	89.32	13,842,370
05/28/2015	91.69	91.93	90.58	90.95	14,201,790
05/27/2015	92.22	92.99	91.6	92.6	9,499,495
05/26/2015	93.65	93.92	91.55	92.52	15,633,300
05/22/2015	94.28	95.06	93.19	93.27	22,167,580
05/21/2015	91.35	94.77	90.92	93.88	40,631,840
05/20/2015	88.14	90.8	87.3	90.7	29,769,210
05/19/2015	86.99	88.8	86.47	88.21	20,501,750
05/18/2015	87.61	87.93	86.61	87.11	13,446,440
05/15/2015	88.51	88.96	88.05	88.46	13,405,930
05/14/2015	87.74	88.48	87.53	88.4	12,072,240
05/13/2015	87.08	88.47	87	87.53	18,976,180
05/12/2015	87.05	87.5	86.14	86.77	16,008,630
05/11/2015	86.7	87.67	86.06	86.72	19,746,590
05/08/2015	87.82	88.27	86.89	87.06	30,125,530
05/07/2015	88.83	89.29	84.91	86	69,386,700
05/06/2015	79.65	80.85	79.51	80	23,584,490
05/05/2015	80.44	80.9	77.77	79.54	32,634,700
05/04/2015	81.17	81.56	80.12	80.59	21,468,230
05/01/2015	81.03	82.25	80.11	81.17	17,875,970
04/30/2015	82.22	82.65	80.4399	81.29	14,138,770
04/29/2015	84.06	84.4	81.64	82.45	21,074,790
04/28/2015	85.54	85.57	83.82	85.08	11,097,470
04/27/2015	85.53	86.27	84.65	84.9	17,394,170
04/24/2015	82.88	84.99	82.8	84.57	21,050,190
04/23/2015	81.88	82.75	81.62	82.28	11,463,130
04/22/2015	82.78	82.84	81.52	82.05	13,300,920
04/21/2015	82.86	82.92	82.14	82.42	9,989,834
04/20/2015	82.25	82.69	81.52	82.2	13,464,960
04/17/2015	83.08	83.25	81.61	81.9	22,658,760
04/16/2015	85.15	85.4	83.89	84.06	11,996,870
04/15/2015	85.08	85.36	84.16	84.67	12,204,810
04/14/2015	84.63	85.13	83.53	85	11,804,620
04/13/2015	85.16	85.71	83.82	84.28	15,775,510
04/10/2015	86.68	86.69	84.15	84.58	18,283,350
04/09/2015	87.03	87.69	85.2	86.14	27,771,180
04/08/2015	83.3	85.54	83.0655	85.39	26,126,540
04/07/2015	81.94	82.95	81.88	82.21	9,424,562
04/06/2015	82.05	82.59	81.6139	81.82	12,778,080
04/02/2015	82.88	83	81.25	82.28	19,862,960
04/01/2015	83.37	83.72	82.18	82.36	14,860,100
03/31/2015	83.64	84.45	83.2	83.24	11,809,460
03/30/2015	85.03	85.15	83.75	83.9	9,973,133
03/27/2015	84.78	85.15	83.34	84.58	9,696,201
03/26/2015	83.2	84.995	82.96	84.17	12,180,790
03/25/2015	83.94	84.48	82.67	83.75	13,500,080
03/24/2015	84.35	84.5	82.39	83.63	14,508,820
03/23/2015	85.25	85.53	84.21	84.25	10,897,560
03/20/2015	86.33	86.8	85.09	85.2	21,154,070
03/19/2015	85.11	87.04	85	85.74	30,398,810
03/18/2015	83.87	85.95	83.3	84.59	35,580,740
03/17/2015	84.01	85.1	83.51	84.5	17,603,090
03/16/2015	82.01	85.2	81.94	84	16,841,850
03/13/2015	81.8	81.92	80.77	81.86	12,656,420
03/12/2015	82.1	82.9	81.53	81.92	11,223,380
03/11/2015	83	83.38	81.19	81.99	12,741,280
03/10/2015	81.09	83.15	80.65	82.97	13,796,390
03/09/2015	84.35	84.35	81.48	82.53	17,590,660
03/06/2015	85.74	86	84.05	84.4	10,667,340
03/05/2015	85.75	86.27	84.01	86.1	18,467,990
03/04/2015	80.27	85.8265	80.17	85.49	36,502,380
03/03/2015	82.95	83.25	80.03	81.58	39,173,430
03/02/2015	85	85.02	83.75	84	11,175,870
02/27/2015	85.95	86.56	85	85.12	8,362,081
02/26/2015	86.92	87.16	85.2	85.37	8,758,019
02/25/2015	84.38	86.83	84.36	86.19	13,592,080
02/24/2015	85.53	85.53	83.88	84.69	15,817,560
02/23/2015	86.51	86.68	85.25	85.47	9,352,529
02/20/2015	87.25	87.29	86.38	86.64	7,805,009
02/19/2015	86.81	87.87	86.71	86.89	7,568,275
02/18/2015	87.1	87.43	86.5	86.74	7,415,961
02/17/2015	88.78	88.99	86.7	86.85	15,133,130
02/13/2015	88.2	89.3	87.65	89.05	14,587,390
02/12/2015	85.6	88.3	85.55	87.1	15,143,910
02/11/2015	87.58	87.7	85.82	86	12,281,340
02/10/2015	87.01	87.47	86.52	87.26	12,026,260
02/09/2015	85.83	86.75	85.47	86	12,088,070
02/06/2015	87.11	87.4	85.42	85.68	17,597,490
02/05/2015	89.58	89.84	86.1	87	28,867,570
02/04/2015	90.99	91.88	89.48	90	14,599,400
02/03/2015	91.65	91.65	89.9	90.61	13,475,970
02/02/2015	91.13	91.66	88.61	90.13	18,845,140
01/30/2015	89.6	92	88.11	89.08	36,747,370
01/29/2015	90.53	90.74	87.36	89.81	76,430,640
01/28/2015	100.3	101.49	97.79	98.45	42,012,700
01/27/2015	102.89	103.57	100.58	102.94	15,591,560
01/26/2015	104.4	105.13	103.33	103.99	10,656,340
01/23/2015	104.02	105.2	103.02	103.11	9,860,504
01/22/2015	104.6	104.92	103.1	104	11,400,180
01/21/2015	100.75	103.86	100.32	103.29	15,141,470
01/20/2015	98.3	100.21	97.59	100.04	12,049,470
01/16/2015	96.09	97.8	95.52	96.89	13,313,120
01/15/2015	99.67	100.14	96.02	96.31	18,182,200
01/14/2015	99.28	100.18	98.06	99.58	17,785,990
01/13/2015	102.59	102.85	100.01	100.77	11,275,790
01/12/2015	103.2	103.36	101.21	101.62	7,946,740
01/09/2015	105.24	105.3	102.89	103.02	10,193,410
01/08/2015	102.95	105.33	102.68	105.03	12,904,640
01/07/2015	104.59	104.74	102.03	102.13	11,000,010
01/06/2015	101.25	103.85	100.11	103.32	15,662,710
01/05/2015	102.76	103.02	99.9	101	18,313,750
01/02/2015	104.24	104.72	102.52	103.6	12,286,400
12/31/2014	106.46	106.47	103.69	103.94	10,254,350
12/30/2014	105.64	106.71	105.13	105.75	10,185,890
12/29/2014	105.95	107.66	105.64	105.98	8,059,191
12/26/2014	105.99	106.94	105.5	105.95	6,523,956
12/24/2014	105.68	107.21	105.6	105.95	5,870,358
12/23/2014	108.3	108.47	103.88	105.52	19,077,270
12/22/2014	110.63	110.98	108.53	108.77	12,985,130
12/19/2014	109.93	110.65	108.04	110.65	14,785,340
12/18/2014	110.58	111.2	108.26	109.25	22,749,890
12/17/2014	107.11	109.19	106.28	109.02	17,242,940
12/16/2014	103.75	107.68	103.7	105.77	21,655,360
12/15/2014	106.39	107.77	103.7	104.7	16,476,750
12/12/2014	104.7	107.45	104.17	105.11	14,504,050
12/11/2014	104.44	106.84	104.29	104.97	15,658,440
12/10/2014	107.09	107.38	103.51	103.88	18,398,440
12/09/2014	102.27	107.95	101.2	107.48	24,805,130
12/08/2014	105.97	107.4	104.21  105.07	19,166,550
12/05/2014	109.6	110.35	107.76	107.9	12,125,090
12/04/2014	110.1	110.5	108.91	109.17	10,790,400
12/03/2014	110.4	111.68	108.798	110.64	16,164,860
12/02/2014	107.35	110	106.61	109.89	18,703,780
12/01/2014	110.02	110.05	103.89	105.99	38,417,890
11/28/2014	113.14	113.23	111.11	111.64	8,077,842
11/26/2014	113.33	113.74	112.33	112.67	11,794,220
11/25/2014	114.94	115.17	112.33	113.47	23,444,610
11/24/2014	112	113.93	111.55	113.92	20,545,130
11/21/2014	113.21	113.5	110.43  110.73	27,354,240
11/20/2014	107.81	112.44	107.26	109.82	36,425,000
11/19/2014	109.83	110.68	107.22	108.82	46,785,980
11/18/2014	114.33	114.38	110.41	110.81	41,025,930
11/17/2014	115.44	115.63	113.13	114.25	22,522,970
11/14/2014	115.06	115.39	113.35	115.1	29,758,110
11/13/2014	119.3	120	114.55	114.84	62,072,050
11/12/2014	115.05	119.07	114.02	118.2	53,766,550
11/11/2014	117.25	117.55	113.69	114.54	70,962,740
11/10/2014	117.27	119.45	115.2	119.15	74,808,230
11/07/2014	112.93	114.77	111.75	114.56	51,267,750
11/06/2014	109.3	111.7	107.21	111.57	33,331,850
11/05/2014	108.48	110.14	106.48	108.67	48,219,010
11/04/2014	100.425	106.359	99.51	106.07	67,629,030
11/03/2014	99.67	102.8	99.05	101.8	40,515,210
10/31/2014	100.1	100.22	98.1356	98.6	18,048,020
10/30/2014	98.48	99.44	97.3	98.73	15,424,320
10/29/2014	99.88	100	96.82	98.31	28,595,940
10/28/2014	99.84	100.67	98.61	99.68	31,912,830
10/27/2014	97	98.85	96.3	97.79	28,203,030
10/24/2014	95.07	98	94.78	95.76	32,099,050
10/23/2014	92.92	94.7	92.82	94.45	20,528,790
10/22/2014	92.25	93.5	91.01	91.63	20,312,160
10/21/2014	89.1	92.5	88.5	90.9	23,078,860
10/20/2014	88	89.5	87.86	88.26	9,843,157
10/17/2014	90.4	90.9	87.6701	87.91	17,320,100
10/16/2014	84.98	89.175	84.015	88.85	15,184,380
10/15/2014	84.04	86.49	82.81	85.6	16,801,790
10/14/2014	85.81	85.88	83.22	84.95	15,544,160
10/13/2014	86.85	86.89	84.92	85.12	14,801,960
10/10/2014	88.25	88.74	85.24	85.88	15,406,070
10/09/2014	88.51	90.35	88	88.79	21,475,080
10/08/2014	88	88.5	87.06	88.3	10,251,870
10/07/2014	87.95	89.7	87.06	87.67	12,768,510
10/06/2014	89.15	89.65	88.06	88.31	9,267,595
10/03/2014	88.1	89.94	87.65	88.1	18,357,110
10/02/2014	86.27	88.2	85.611	87.06	21,452,790
10/01/2014	88.7	88.94	86.04	86.1	23,994,980
09/30/2014	89	90.88	88.46	88.85	24,380,140
09/29/2014	89.62	89.7	88.02	88.75	25,258,370
09/26/2014	89.73	90.46	88.66	90.46	18,314,780
09/25/2014	91.09	91.5	88.5	88.92	28,566,180
09/24/2014	88.47	90.57	87.22	90.57	31,966,400
09/23/2014	88.94	90.48	86.62	87.17	38,935,050
09/22/2014	92.7	92.95	89.5	89.89	66,495,310
09/19/2014	92.7	99.7	89.95	93.89	271,718,000